R value for present sequence is 2.000000, x0 is : 1.100000 	2.000000 	
#It	 F(x)	 x1 	F'(x1) 	x2 	F'(x2) 	g1 	g2 	Angle	||grad_f(x)||	||x(k)-x(k-1)||/||(x(k-1)||
1	 -0.020290	 1.298767 	-0.016943 	6.205892 	-0.358504 	0.000000 	-4.567194 	0.000000	 0.358904 	 1.844691
2	 0.008742	 2.825835 	0.416976 	4.249941 	-0.019740 	-4.735400 	0.000000 	40.669556	 0.417443 	 0.391378
3	 0.043678	 1.206379 	-0.037772 	3.925905 	-0.002754 	0.000000 	0.000000 	116.618383	 0.037873 	 0.323602

Algorithm restart at iteration no. 3
1	 0.082567	 1.807363 	0.111732 	0.866460 	-0.568795 	-3.400099 	-9.011710 	4.016908	 0.579665 	 0.759156
2	 0.111377	 1.536427 	0.332730 	0.960867 	0.065381 	-2.399740 	-8.699902 	59.651791	 0.339092 	 0.143147
3	 -0.000048	 1.014016 	-0.047745 	4.054008 	-0.147052 	0.000000 	0.000000 	61.178205	 0.154609 	 1.731067
4	 0.000366	 0.500180 	-0.009833 	3.973204 	-0.000819 	0.000000 	-0.500538 	90.613006	 0.009867 	 0.124471
5	 0.000001	 0.991378 	-0.001562 	4.004913 	-0.000078 	0.000000 	-0.008646 	5.241286	 0.001564 	 0.122915
6	 0.003310	 0.926402 	-0.000454 	4.022084 	0.000178 	0.000000 	-0.074086 	18.489156	 0.000488 	 0.016289
The optimum value of x = ( 0.926402 	4.022084 	
0.000000 	-0.074086 	)
#Total number of function evaluations: 87

