R value for present sequence is 2.000000, x0 is : 2.100000 	8.000000 	
#It	 F(x)	 x1 	F'(x1) 	x2 	F'(x2) 	g1 	g2 	Angle	||grad_f(x)||	||x(k)-x(k-1)||/||(x(k-1)||
1	 0.002711	 2.636235 	-0.044619 	3.981823 	0.334343 	-3.967914 	0.000000 	0.000000	 0.337307 	 0.490120
2	 0.632481	 3.160029 	0.002621 	8.788078 	0.021096 	-2.197706 	-20.765665 	13.815429	 0.021258 	 1.012416

Algorithm restart at iteration no. 2
1	 0.051734	 3.645876 	-0.038441 	1.490415 	0.577396 	-12.801998 	-3.652140 	0.333907	 0.578674 	 0.783152
2	 0.127439	 1.290188 	0.027456 	6.887254 	-0.071466 	0.000000 	-8.046050 	160.163446	 0.076559 	 1.495033
3	 -0.026889	 1.671401 	-0.265966 	3.720948 	-0.118025 	-0.072633 	0.000000 	16.709077	 0.290977 	 0.455137
4	 0.130692	 0.959549 	-0.216867 	0.900468 	-0.024600 	-1.020267 	-9.647553 	21.021593	 0.218258 	 0.713130
5	 0.003817	 1.052588 	0.395155 	2.385059 	-0.124190 	0.000000 	-2.555445 	10.574604	 0.414211 	 1.130414
6	 -0.074139	 1.306023 	-0.301455 	3.177286 	0.018886 	0.000000 	-0.370834 	14.147886	 0.302046 	 0.319055
7	 0.009994	 1.401156 	0.706385 	3.624600 	-0.210252 	0.000000 	0.000000 	5.730697	 0.737011 	 0.133126
8	 -0.004721	 1.872914 	-0.288765 	4.591443 	0.060001 	0.000000 	0.000000 	13.997192	 0.294933 	 0.276840
9	 0.040070	 2.337755 	0.095840 	1.484462 	-0.043961 	-4.980638 	-4.990176 	34.504547	 0.105441 	 0.633540
10	 0.060849	 1.505483 	0.010152 	1.369127 	0.003336 	-1.897351 	-6.416009 	89.344720	 0.010686 	 0.303413
11	 0.045091	 3.203819 	-0.014446 	1.422219 	-0.099410 	-9.842237 	-4.441133 	6.096681	 0.100454 	 0.834995
12	 0.079503	 3.953463 	0.000042 	1.225154 	-0.037786 	-15.404713 	-4.746305 	16.512492	 0.037786 	 0.221126
13	 -0.137848	 1.224922 	0.029486 	2.224726 	-0.082951 	-0.275708 	-2.926674 	5.389027	 0.088036 	 0.702080

Algorithm restart at iteration no. 13
1	 0.001683	 1.563306 	-0.037952 	3.408826 	-0.132804 	-0.035099 	0.000000 	4.111903	 0.138120 	 0.484909
2	 41.634869	 0.100000 	0.071171 	4.723167 	-0.017065 	0.000000 	-1.422971 	63.992580	 0.073189 	 0.524482

Algorithm restart at iteration no. 2
1	 0.010531	 2.750922 	-177.623948 	4.235040 	32.706766 	-4.332534 	0.000000 	0.010913	 180.610076 	 0.570567
2	 0.015278	 3.369582 	-0.000751 	3.481337 	0.000915 	-8.872746 	0.000000 	40.170468	 0.001184 	 0.193085

Algorithm restart at iteration no. 2
1	 0.001636	 0.990330 	0.026429 	2.974863 	0.005626 	0.000000 	-1.060575 	2.273643	 0.027021 	 0.502079
2	 0.112779	 1.335555 	-0.000581 	0.325080 	-0.006033 	-2.458626 	-13.169482 	94.556276	 0.006061 	 0.852268

Algorithm restart at iteration no. 2
1	 -660.124250	 0.100000 	1.973904 	0.164107 	0.257168 	-0.845893 	-15.614074 	0.182274	 1.990586 	 0.906477

Algorithm restart at iteration no. 1
1	 0.253883	 3.757341 	5181.760482 	0.175383 	15.976045 	-14.942226 	-11.870353 	0.002774	 5181.785110 	 19.031416
2	 0.018548	 3.750074 	0.000394 	4.792190 	-0.258703 	-10.270867 	0.000000 	90.050230	 0.258703 	 1.227408
3	 0.012082	 3.302189 	0.032564 	4.848001 	0.000040 	-7.056449 	0.000000 	82.773522	 0.032564 	 0.074173
4	 0.021884	 3.698703 	0.000595 	3.947374 	-0.013637 	-10.733028 	0.000000 	59.111043	 0.013650 	 0.167761
5	 0.000548	 2.457973 	0.027512 	5.178672 	0.009162 	-1.862960 	0.000000 	21.447780	 0.028998 	 0.323138
6	 0.218857	 0.675863 	0.013253 	6.089365 	-0.001100 	0.000000 	-4.689584 	17.706372	 0.013298 	 0.349125

Algorithm restart at iteration no. 6
1	 0.018080	 0.506872 	0.892438 	5.742212 	1.833317 	0.000000 	-3.528429 	0.176660	 2.038994 	 0.063019
2	 0.000591	 1.489420 	-0.055621 	5.062094 	0.035917 	0.000000 	-0.638623 	81.232693	 0.066210 	 0.207297
3	 0.181082	 2.284091 	-0.000513 	0.520743 	0.003899 	-5.696330 	-10.821138 	45.365381	 0.003932 	 0.873726

Algorithm restart at iteration no. 3
1	 0.029360	 3.507994 	-0.042900 	1.954805 	-0.050267 	-11.351214 	-1.674830 	2.616095	 0.066085 	 0.804768
2	 0.307124	 4.185031 	0.026258 	0.000000 	-0.024462 	-18.514487 	-12.814969 	59.558479	 0.035887 	 0.515137

Algorithm restart at iteration no. 2
1	 0.022001	 3.830619 	0.023322 	4.906364 	-0.322866 	-10.767276 	0.000000 	1.295852	 0.323707 	 1.175415
2	 0.209344	 0.709022 	0.040808 	5.075769 	0.002923 	0.000000 	-1.448256 	82.728786	 0.040912 	 0.502229

Algorithm restart at iteration no. 2
1	 -0.177323	 0.780216 	0.104120 	6.724163 	2.410767 	0.000000 	-7.640850 	0.963344	 2.413014 	 0.321935
2	 0.068587	 0.517734 	1.984130 	6.526411 	-0.084976 	0.000000 	-6.865019 	50.512424	 1.985949 	 0.048548
3	 -17.058511	 0.156049 	-0.062533 	7.154105 	0.092387 	0.000000 	-10.792332 	82.923509	 0.111560 	 0.110654

Algorithm restart at iteration no. 3
1	 0.011928	 2.129219 	116.051884 	5.979521 	-69.083114 	0.000000 	-2.789285 	0.023012	 135.057456 	 0.320902
2	 0.342264	 0.769793 	0.000923 	4.142079 	0.001248 	0.000000 	-0.250393 	84.234735	 0.001552 	 0.360099

Algorithm restart at iteration no. 2
1	 0.003645	 2.405017 	-2.223164 	2.945958 	1.626183 	-3.838148 	0.000000 	0.032272	 2.754438 	 0.480891
2	 0.015480	 1.540056 	-0.015125 	2.076701 	-0.015438 	-1.295071 	-3.159023 	81.293652	 0.021613 	 0.322451
3	 0.003604	 2.372550 	0.032382 	4.627138 	-0.029378 	-2.001856 	0.000000 	26.769981	 0.043723 	 1.037686
4	 -0.719304	 0.386647 	-0.052396 	2.061226 	0.015658 	0.000000 	-4.372196 	19.653063	 0.054686 	 0.623977

Algorithm restart at iteration no. 4
1	 0.029427	 0.507013 	22.443683 	2.001302 	-11.173584 	0.000000 	-4.487780 	0.041239	 25.071256 	 0.064114
2	 -13.697867	 0.314630 	-0.011560 	1.150866 	-0.050627 	0.000000 	-8.802934 	76.249683	 0.051930 	 0.422336

Algorithm restart at iteration no. 2
1	 0.151416	 2.973620 	253.318037 	0.597756 	-52.693967 	-9.244658 	-9.601643 	0.011487	 258.740569 	 2.276348
2	 0.011402	 3.071770 	-0.003620 	6.097047 	-0.194728 	-4.338722 	-2.325836 	79.239791	 0.194762 	 1.813378
3	 0.007435	 3.139009 	-0.003437 	5.676818 	0.025156 	-5.176559 	-0.672711 	169.818526	 0.025390 	 0.062336
4	 0.035645	 0.989266 	0.032786 	1.778471 	0.008952 	-0.200176 	-4.945924 	37.949899	 0.033987 	 0.686277
5	 -0.006366	 2.297773 	0.015225 	3.107362 	-0.064133 	-3.172400 	0.000000 	15.676352	 0.065915 	 0.916409
6	 0.016257	 3.324371 	0.067820 	3.692479 	-0.064199 	-8.358962 	0.000000 	15.755173	 0.093386 	 0.305756
7	 -0.031323	 0.605540 	-0.005729 	5.537441 	0.002265 	0.000000 	-2.758186 	116.111679	 0.006160 	 0.661312

Algorithm restart at iteration no. 7
1	 -0.354355	 0.733392 	-0.812102 	5.697428 	-1.016219 	0.000000 	-3.147870 	0.311036	 1.300851 	 0.036765
2	 0.002064	 1.422413 	0.841434 	2.421456 	-0.669200 	-0.601804 	-2.069387 	50.487118	 1.075100 	 0.582763
3	 0.010525	 2.905812 	0.157675 	2.437539 	0.032337 	-7.006202 	-0.535472 	78.711836	 0.160957 	 0.528245
4	 0.186842	 2.393995 	0.000055 	7.561305 	-0.015186 	0.000000 	-11.288896 	84.882628	 0.015186 	 1.357642

Algorithm restart at iteration no. 4
1	 0.038408	 2.591223 	-0.050010 	6.596591 	0.244619 	-1.117845 	-5.151064 	0.376349	 0.249679 	 0.124151
2	 0.073051	 4.345004 	-0.029311 	1.648157 	0.072540 	-18.230899 	-2.186161 	7.957283	 0.078239 	 0.740768
3	 0.066846	 3.597630 	0.043081 	1.269376 	-0.033146 	-12.673567 	-4.858676 	82.605024	 0.054357 	 0.180302
4	 0.018132	 1.522267 	0.043462 	1.996958 	-0.083363 	-1.320338 	-3.489909 	46.177718	 0.094012 	 0.576462
5	 0.099611	 1.818152 	-0.009047 	0.996684 	-0.039878 	-3.308992 	-8.201758 	54.180110	 0.040891 	 0.415419

Algorithm restart at iteration no. 5
1	 0.120021	 1.802548 	-0.010566 	1.193026 	0.132949 	-3.056154 	-7.076556 	3.919960	 0.133369 	 0.094994
2	 -0.065086	 1.316203 	-0.401667 	2.349552 	-0.027392 	-0.382838 	-2.407774 	18.256660	 0.402600 	 0.580417
3	 0.047075	 0.556233 	0.799606 	5.282858 	0.334961 	0.000000 	-2.089491 	8.279496	 0.866931 	 1.125155

Algorithm restart at iteration no. 3
1	 0.028085	 1.733269 	1.839286 	5.251848 	-0.048458 	0.000000 	-0.833853 	3.802100	 1.839924 	 0.221655
2	 0.186183	 0.405050 	-0.001566 	3.542962 	-0.002011 	0.000000 	-0.803834 	126.295895	 0.002549 	 0.391352

Algorithm restart at iteration no. 2
1	 0.010997	 1.356032 	-6.576379 	2.962084 	4.016975 	0.000000 	-0.721237 	0.018839	 7.706157 	 0.312491
2	 0.559871	 0.775993 	-0.179949 	2.138057 	-0.280647 	0.000000 	-3.690839 	86.240661	 0.333384 	 0.309327

Algorithm restart at iteration no. 2
1	 0.036074	 1.478739 	-3.981906 	1.675406 	2.621481 	-1.511262 	-4.925000 	3.980583	 4.767361 	 0.369909
2	 0.136699	 0.986157 	-0.040590 	0.892170 	-0.066956 	-1.080336 	-9.672449 	91.156131	 0.078298 	 0.414049
3	 0.170437	 3.499072 	0.019843 	7.619654 	-0.174339 	-5.623853 	-10.602820 	11.679166	 0.175465 	 5.400266
4	 0.001700	 0.987960 	-0.015548 	2.963710 	0.222067 	0.000000 	-1.085938 	7.854215	 0.222610 	 0.630907
5	 -0.066961	 1.195984 	0.002683 	2.406461 	-0.005942 	-0.023916 	-2.343382 	48.790784	 0.006520 	 0.190398

Algorithm restart at iteration no. 5
1	 5.792670	 0.287735 	-0.292321 	4.630522 	0.715816 	0.000000 	-1.109823 	0.014018	 0.773204 	 0.893979

Algorithm restart at iteration no. 1
1	 0.000173	 1.987757 	-88.028889 	4.012618 	31.995702 	-0.938561 	0.000000 	0.348377	 93.663281 	 0.389881
2	 0.006916	 2.957948 	0.001278 	3.770434 	-0.000319 	-5.979021 	0.000000 	173.971373	 0.001317 	 0.223306

Algorithm restart at iteration no. 2
1	 0.020375	 3.623731 	0.020669 	3.697978 	-0.002249 	-10.433452 	0.000000 	0.463486	 0.020791 	 0.139750
2	 0.004307	 2.853545 	0.012383 	3.947612 	-0.005958 	-5.195108 	0.000000 	11.742879	 0.013742 	 0.156375
3	 0.008005	 0.528015 	0.027140 	4.284013 	0.016822 	0.000000 	-0.552648 	9.723633	 0.031931 	 0.482396

Algorithm restart at iteration no. 3
1	 0.031344	 1.734252 	0.749183 	4.265490 	-0.011504 	0.000000 	0.000000 	0.068494	 0.749271 	 0.279485
2	 0.022222	 1.643890 	-0.003383 	3.272625 	-0.026608 	-0.429748 	0.000000 	94.282524	 0.026822 	 0.216517
3	 -0.015965	 1.638007 	0.281946 	4.742895 	-0.025819 	0.000000 	0.000000 	5.427307	 0.283126 	 0.401464
4	 0.026183	 1.698806 	-0.221582 	5.263212 	-0.000776 	0.000000 	-0.896898 	6.891279	 0.221583 	 0.104400
5	 -0.005927	 1.889216 	0.104518 	3.821314 	-0.012159 	-0.747821 	0.000000 	14.181757	 0.105223 	 0.262977
6	 0.030759	 1.752675 	0.149316 	4.261355 	0.019458 	0.000000 	0.000000 	9.712017	 0.150579 	 0.108083
7	 0.101916	 1.632778 	-0.070081 	0.777973 	-0.021028 	-2.887992 	-9.748679 	19.202192	 0.073168 	 0.756437

Algorithm restart at iteration no. 7
1	 0.424393	 1.226219 	-0.591794 	0.691993 	-0.125154 	-1.811621 	-10.716691 	2.190655	 0.604883 	 0.229758
2	 0.340616	 1.811457 	-0.077904 	0.000000 	0.269291 	-4.281376 	-15.188543 	61.694139	 0.280333 	 0.643670
3	 -35.334532	 0.166867 	-0.038296 	3.327204 	0.104768 	0.000000 	-1.285787 	13.913985	 0.111548 	 2.048884

Algorithm restart at iteration no. 3
1	 0.001800	 2.568398 	262.179456 	4.514177 	129.583945 	-3.082490 	0.000000 	0.015260	 292.455237 	 0.804126
2	 0.078594	 0.964841 	0.003740 	6.714152 	-0.005132 	0.000000 	-7.401782 	80.180701	 0.006350 	 0.524168

Algorithm restart at iteration no. 2
1	 0.082394	 0.987206 	0.105760 	6.738612 	0.115667 	0.000000 	-7.512791 	2.291338	 0.156729 	 0.004886
2	 0.057880	 0.921728 	-0.006423 	6.518166 	0.120218 	0.000000 	-6.419433 	25.885163	 0.120390 	 0.033766
3	 0.083732	 1.459137 	0.071370 	6.829449 	-0.016392 	0.000000 	-7.546643 	43.359184	 0.073228 	 0.094342
4	 0.293292	 2.402123 	-0.061859 	7.944733 	0.122823 	0.000000 	-14.158795 	19.696509	 0.137521 	 0.209134
5	 -0.160898	 0.800275 	-0.053273 	5.612668 	0.318579 	0.000000 	-2.800422 	5.728232	 0.323002 	 0.340872

Algorithm restart at iteration no. 5
1	 0.001186	 2.440140 	1.734264 	4.499997 	-1.176721 	-2.454288 	0.000000 	1.155180	 2.095792 	 0.349544
2	 0.021084	 3.765189 	0.004430 	5.089945 	0.001983 	-10.086701 	0.000000 	58.133929	 0.004854 	 0.283345

Algorithm restart at iteration no. 2
1	 0.006281	 3.076694 	0.026491 	4.911357 	0.006872 	-5.554690 	0.000000 	1.418921	 0.027368 	 0.112345
2	 0.003979	 2.924295 	0.021345 	4.912301 	-0.004612 	-4.639198 	0.000000 	14.890481	 0.021837 	 0.026297

Algorithm restart at iteration no. 2
1	 0.000091	 1.492578 	0.019889 	4.858801 	0.000743 	0.000000 	-0.244962 	0.961114	 0.019903 	 0.250613
2	 0.005218	 0.550053 	-0.001988 	5.531295 	0.001214 	0.000000 	-2.794811 	142.294784	 0.002329 	 0.227792

Algorithm restart at iteration no. 2
1	 -0.257523	 0.739121 	-0.330698 	5.620518 	-0.156059 	0.000000 	-2.886956 	0.350673	 0.365671 	 0.037611
2	 -31.424807	 0.100000 	0.789978 	5.148612 	-1.673468 	0.000000 	-2.219309 	11.173458	 1.850557 	 0.140144

Algorithm restart at iteration no. 2
1	 0.192039	 -0.814807 	133.567829 	6.081773 	-136.247733 	0.000000 	-6.148587 	0.106668	 190.797824 	 0.253763
2	 0.074296	 -0.509668 	1.578705 	6.368752 	1.519278 	0.000000 	-7.120652 	88.776573	 2.191008 	 0.068266
3	 0.109469	 -0.581542 	-0.087173 	6.459163 	0.097195 	0.000000 	-7.629023 	85.206007	 0.130560 	 0.018077
4	 -0.170970	 -0.759456 	-0.716964 	6.626379 	-0.521605 	0.000000 	-8.657320 	8.288590	 0.886628 	 0.037648

Algorithm restart at iteration no. 4
1	 0.008963	 -1.699502 	-1.410097 	5.629852 	-1.494818 	0.000000 	-5.355921 	3.561947	 2.054958 	 0.205397
2	 0.062365	 -1.940737 	0.135621 	5.907299 	-0.129943 	0.000000 	-6.578527 	84.301880	 0.187825 	 0.062518
3	 71.395540	 0.100000 	-0.062441 	2.732389 	0.082014 	0.000000 	-2.506837 	171.656254	 0.103078 	 0.606988

Algorithm restart at iteration no. 3
1	 0.044211	 4.060000 	-314.975246 	2.462131 	21.496101 	-15.021469 	0.000000 	0.033249	 315.707916 	 1.451680
2	 0.131962	 1.228391 	0.046543 	2.774305 	-0.005131 	0.000000 	-1.273936 	177.541522	 0.046825 	 0.599963
3	 0.039272	 0.599986 	-0.026468 	3.021146 	-0.172729 	0.000000 	-1.358169 	15.147810	 0.174745 	 0.222520

Algorithm restart at iteration no. 3
1	 0.000222	 1.494614 	0.749495 	4.940138 	1.607678 	0.000000 	-0.389245 	1.470756	 1.773801 	 0.687397
2	 -6.073890	 0.100000 	-0.001424 	7.032199 	0.002131 	0.000000 	-10.094230 	58.659492	 0.002563 	 0.487145

Algorithm restart at iteration no. 2
1	 0.472946	 0.813167 	26.101761 	2.283936 	-173.785435 	0.000000 	-3.131708 	0.000355	 175.734685 	 0.682722
2	 0.003471	 2.024534 	-5.494685 	2.504296 	-0.821100 	-2.594442 	-1.212597 	88.196295	 5.555697 	 0.507861
3	 0.043953	 1.666935 	0.000986 	6.567060 	-0.010950 	0.000000 	-5.922863 	84.686127	 0.010994 	 1.266494
4	 -0.003952	 1.628296 	-0.081641 	5.711938 	-0.008198 	0.000000 	-2.302437 	7.614228	 0.082052 	 0.126340

Algorithm restart at iteration no. 4
1	 -0.377556	 0.713882 	-0.193445 	5.748920 	0.007823 	0.000000 	-3.344837 	3.213493	 0.193603 	 0.154081
2	 0.000586	 2.014757 	0.005418 	3.300078 	0.114317 	-1.759166 	0.000000 	59.681922	 0.114445 	 0.478662
3	 0.000587	 2.014530 	-0.001096 	3.299949 	-0.000643 	-1.758383 	0.000000 	91.661906	 0.001271 	 0.000067
The optimum value of x = ( 2.014530 	3.299949 	
-1.758383 	0.000000 	)
#Total number of function evaluations: 1340

R value for present sequence is 2.000000, x0 is : 1.100000 	4.000000 	
#It	 F(x)	 x1 	F'(x1) 	x2 	F'(x2) 	g1 	g2 	Angle	||grad_f(x)||	||x(k)-x(k-1)||/||(x(k-1)||
1	 0.070873	 1.165004 	-0.007003 	5.764997 	-0.190140 	0.000000 	-2.950209 	0.000000	 0.190269 	 0.425743
2	 -0.002851	 1.583465 	0.477397 	4.589941 	-0.017896 	0.000000 	0.000000 	21.702318	 0.477732 	 0.212078
3	 0.000025	 2.788363 	-0.086227 	5.793359 	-0.027088 	-2.981607 	-1.427775 	64.611032	 0.090382 	 0.350730
4	 0.000704	 0.495427 	0.030377 	4.442294 	0.023055 	0.000000 	-0.700197 	165.476461	 0.038136 	 0.413935
5	 0.071696	 4.905940 	0.006338 	5.939296 	0.002016 	-19.128955 	0.000000 	11.755045	 0.006651 	 1.042017

Algorithm restart at iteration no. 5
1	 0.011912	 2.950476 	0.074950 	6.115333 	-0.006747 	-3.589977 	-2.524156 	1.747063	 0.075253 	 0.254868
2	 0.001175	 1.973177 	-0.003817 	2.773711 	0.030319 	-2.119719 	-0.530608 	78.810128	 0.030558 	 0.512763
3	 0.003962	 2.535924 	0.015299 	2.884146 	-0.004493 	-4.546764 	0.000000 	62.569775	 0.015945 	 0.168475
4	 0.009189	 2.941136 	0.001915 	2.695769 	-0.001116 	-6.954510 	0.000000 	36.021358	 0.002217 	 0.116355

Algorithm restart at iteration no. 4
1	 0.058265	 4.328126 	0.030994 	2.547417 	-0.003315 	-17.185257 	0.000000 	1.104662	 0.031171 	 0.349629

Algorithm restart at iteration no. 1
1	 0.109789	 5.021653 	0.054280 	2.553263 	0.000458 	-23.663732 	0.000000 	2.401276	 0.054282 	 0.138098

Algorithm restart at iteration no. 1
1	 0.107453	 4.996648 	0.093334 	2.555744 	-0.009259 	-23.410743 	0.000000 	2.252264	 0.093792 	 0.004460

Algorithm restart at iteration no. 1
1	 0.052411	 1.239084 	0.091737 	2.931750 	-0.009180 	0.000000 	-0.902074 	0.024681	 0.092195 	 0.672862
2	 0.001552	 2.701367 	-0.075618 	2.599041 	-0.736156 	-5.698345 	-0.261319 	7.100907	 0.740029 	 0.471169
3	 -0.000770	 2.083411 	-0.010844 	5.062698 	-0.045914 	-0.277905 	-0.045916 	63.075564	 0.047177 	 0.677570
4	 -0.001202	 0.528898 	-0.023843 	2.928471 	-0.011217 	0.000000 	-1.619276 	50.129321	 0.026350 	 0.482288

Algorithm restart at iteration no. 4
1	 0.067681	 4.476355 	-0.487850 	2.457884 	0.058158 	-18.579870 	0.000000 	2.053367	 0.491305 	 1.335890
2	 0.021342	 3.463842 	0.065370 	2.569066 	-0.007260 	-10.429139 	0.000000 	179.395924	 0.065772 	 0.199461

Algorithm restart at iteration no. 2
1	 0.020020	 2.238830 	0.026842 	2.745298 	-0.003862 	-3.267063 	-0.335448 	1.414272	 0.027119 	 0.286980
2	 0.009334	 2.306991 	-0.000968 	6.110852 	-0.004780 	-0.211357 	-3.148706 	82.940359	 0.004877 	 0.950256
3	 0.007256	 2.630585 	0.035553 	3.335680 	0.001794 	-4.584295 	0.000000 	7.807910	 0.035598 	 0.427748

Algorithm restart at iteration no. 3
1	 0.000505	 2.043215 	0.059743 	3.476472 	-0.014320 	-1.698257 	0.000000 	4.125906	 0.061435 	 0.142181
2	 8.033670	 0.235311 	-0.001165 	6.864276 	0.002040 	0.000000 	-8.968765 	131.513103	 0.002350 	 0.952281

Algorithm restart at iteration no. 2
1	 0.214232	 1.618116 	-88.337272 	7.584007 	-45.978359 	0.000000 	-12.226992 	0.001387	 99.586561 	 0.226970
2	 0.006204	 2.816501 	-0.112664 	5.326853 	0.213450 	-3.605822 	0.000000 	89.495295	 0.241358 	 0.329549
3	 0.013601	 3.621520 	-0.027563 	5.621528 	-0.014304 	-8.493879 	-0.007832 	82.106847	 0.031053 	 0.142269
4	 0.011284	 3.445070 	0.014094 	5.869643 	-0.006667 	-6.998866 	-1.050496 	105.271565	 0.015591 	 0.045530
5	 0.006260	 2.483945 	0.012105 	5.870184 	0.008314 	-1.299799 	-2.013642 	54.526959	 0.014685 	 0.141218
6	 0.015008	 3.058117 	-0.004298 	6.214446 	0.021468 	-4.137631 	-2.845655 	30.965856	 0.021894 	 0.105030
7	 0.000465	 1.440935 	-0.006797 	4.526818 	0.034985 	0.000000 	0.000000 	15.268918	 0.035639 	 0.337473
8	 0.027413	 1.749204 	-0.023816 	5.228092 	0.015982 	0.000000 	-0.759006 	20.041274	 0.028681 	 0.161250
9	 0.000773	 1.553256 	-0.051306 	4.419881 	0.022530 	0.000000 	0.000000 	10.097227	 0.056034 	 0.150849
10	 0.015174	 2.273337 	0.039799 	5.825730 	-0.009195 	-0.342329 	-2.059953 	13.488051	 0.040848 	 0.337157
11	 0.001533	 1.562861 	-0.044246 	3.415845 	-0.009314 	-0.026691 	0.000000 	10.690967	 0.045216 	 0.401760
12	 -0.000472	 2.678562 	0.065339 	5.758912 	-0.017137 	-2.415784 	-1.415210 	9.032389	 0.067549 	 0.690859
13	 -0.000708	 2.669951 	-0.033978 	5.708564 	0.016155 	-2.420073 	-1.249241 	15.750172	 0.037624 	 0.008042
14	 0.177346	 3.237794 	-0.035667 	0.455992 	0.005492 	-11.027317 	-10.322202 	15.869686	 0.036088 	 0.838321

Algorithm restart at iteration no. 14
1	 0.013000	 3.297322 	-0.002367 	4.720949 	-0.169608 	-7.151385 	0.000000 	0.429331	 0.169624 	 1.304497
2	 0.001342	 2.528739 	-0.002276 	4.725719 	0.000045 	-2.668800 	0.000000 	89.519949	 0.002276 	 0.133473
3	 -424.855856	 0.135045 	-0.000041 	0.097826 	-0.001087 	-0.920411 	-16.091915 	62.980845	 0.001088 	 0.972115

Algorithm restart at iteration no. 3
1	 -623.748079	 0.100000 	4211.991681 	0.114126 	-1959.015043 	-0.895874 	-16.000018 	0.000012	 4645.278663 	 0.231780

Algorithm restart at iteration no. 1
1	 -623.748079	 0.100000 	5448.155307 	0.114126 	-1582.470032 	-0.895874 	-16.000018 	3.935289	 5673.324215 	 0.000000
The optimum value of x = ( 0.100000 	0.114126 	
-0.895874 	-16.000018 	)
#Total number of function evaluations: 446

R value for present sequence is 20.000000, x0 is : 0.100000 	0.114126 	
#It	 F(x)	 x1 	F'(x1) 	x2 	F'(x2) 	g1 	g2 	Angle	||grad_f(x)||	||x(k)-x(k-1)||/||(x(k-1)||
1	 -620.380695	 0.100000 	5447.735194 	0.114126 	-1585.743123 	-0.895874 	-16.000018 	0.000000	 5673.834681 	 0.000000
The optimum value of x = ( 0.100000 	0.114126 	
-0.895874 	-16.000018 	)
#Total number of function evaluations: 9

R value for present sequence is 200.000000, x0 is : 0.100000 	0.114126 	
#It	 F(x)	 x1 	F'(x1) 	x2 	F'(x2) 	g1 	g2 	Angle	||grad_f(x)||	||x(k)-x(k-1)||/||(x(k-1)||
1	 -586.706853	 0.100000 	5443.534061 	0.114126 	-1618.474025 	-0.895874 	-16.000018 	0.000000	 5679.042282 	 0.000000
The optimum value of x = ( 0.100000 	0.114126 	
-0.895874 	-16.000018 	)
#Total number of function evaluations: 9

R value for present sequence is 2000.000000, x0 is : 0.100000 	0.114126 	
#It	 F(x)	 x1 	F'(x1) 	x2 	F'(x2) 	g1 	g2 	Angle	||grad_f(x)||	||x(k)-x(k-1)||/||(x(k-1)||
1	 267.558745	 0.226726 	5401.522740 	0.068476 	-1945.783045 	-0.982929 	-16.230159 	0.000000	 5741.299467 	 0.887693
2	 -305.197854	 0.100000 	1579.991525 	0.167687 	-1583.513013 	-0.842313 	-15.586623 	18.238922	 2236.936897 	 0.679537
3	 -305.197854	 0.100000 	5101.142207 	0.167687 	-241.333248 	-0.842313 	-15.586623 	8.378805	 5106.847712 	 0.000000
The optimum value of x = ( 0.100000 	0.167687 	
-0.842313 	-15.586623 	)
#Total number of function evaluations: 27

R value for present sequence is 20000.000000, x0 is : 0.100000 	0.167687 	
#It	 F(x)	 x1 	F'(x1) 	x2 	F'(x2) 	g1 	g2 	Angle	||grad_f(x)||	||x(k)-x(k-1)||/||(x(k-1)||
1	 3517.106792	 0.192948 	4691.862049 	0.100612 	-3385.842122 	-0.936617 	-16.012278 	0.000000	 5785.974107 	 0.587082
2	 2758.255623	 0.100000 	2274.338340 	0.215027 	-4843.285888 	-0.794973 	-15.226018 	15.088746	 5350.703980 	 0.677428
3	 2758.255623	 0.100000 	4111.804157 	0.215027 	-2253.471387 	-0.794973 	-15.226018 	8.391042	 4688.823597 	 0.000000
The optimum value of x = ( 0.100000 	0.215027 	
-0.794973 	-15.226018 	)
#Total number of function evaluations: 27

R value for present sequence is 200000.000000, x0 is : 0.100000 	0.215027 	
#It	 F(x)	 x1 	F'(x1) 	x2 	F'(x2) 	g1 	g2 	Angle	||grad_f(x)||	||x(k)-x(k-1)||/||(x(k-1)||
1	 33251.286376	 0.100000 	113.495171 	0.215027 	-32590.984092 	-0.794973 	-15.226018 	0.000000	 32591.181709 	 0.000000
The optimum value of x = ( 0.100000 	0.215027 	
-0.794973 	-15.226018 	)
#Total number of function evaluations: 9

R value for present sequence is 2.000000, x0 is : 8.100000 	7.000000 	
#It	 F(x)	 x1 	F'(x1) 	x2 	F'(x2) 	g1 	g2 	Angle	||grad_f(x)||	||x(k)-x(k-1)||/||(x(k-1)||
1	 0.076958	 2.216095 	0.373098 	6.846048 	0.009762 	0.000000 	-6.883894 	0.000000	 0.373226 	 0.549798
2	 0.168874	 2.343261 	-0.000759 	7.479956 	0.078897 	0.000000 	-10.766830 	77.126828	 0.078901 	 0.089849

Algorithm restart at iteration no. 2
1	 0.001837	 2.578502 	-0.024667 	5.121946 	0.247262 	-2.526727 	0.000000 	4.003085	 0.248489 	 0.302321
2	 0.016101	 3.630929 	0.024583 	5.342897 	0.002661 	-8.840751 	0.000000 	83.806670	 0.024727 	 0.187531
3	 0.364332	 0.752269 	0.037803 	5.180084 	-0.006876 	0.000000 	-1.640331 	8.616140	 0.038423 	 0.446333

Algorithm restart at iteration no. 3
1	 0.000428	 1.917798 	-1.612532 	4.472407 	0.979085 	-0.205541 	0.000000 	0.264230	 1.886496 	 0.260496
2	 0.000104	 1.006782 	-0.014524 	3.473097 	-0.016299 	0.000000 	-0.270845 	78.879525	 0.021831 	 0.277883
3	 0.007056	 3.068885 	-0.002129 	4.266617 	-0.000708 	-6.151436 	0.000000 	26.588328	 0.002244 	 0.611024
4	 -0.001641	 2.779745 	0.000676 	3.709558 	-0.002098 	-5.017427 	0.000000 	41.504641	 0.002204 	 0.119419

Algorithm restart at iteration no. 4
1	 0.513378	 0.713841 	0.043403 	4.246339 	-0.011277 	0.000000 	-0.346842 	1.834955	 0.044844 	 0.460469
2	 0.012890	 2.751818 	-0.042338 	1.891944 	-0.063392 	-6.680561 	-2.692083 	34.541440	 0.076230 	 0.723173
3	 0.024039	 3.412548 	0.017204 	2.076068 	0.016326 	-10.569417 	-1.288968 	64.665758	 0.023717 	 0.205394
4	 0.620916	 0.711713 	0.033957 	2.115122 	-0.022066 	0.000000 	-3.841051 	16.393279	 0.040496 	 0.676219

Algorithm restart at iteration no. 4
1	 0.031611	 0.711673 	0.001397 	2.000000 	3.966619 	0.000000 	-4.288327 	0.220113	 3.966620 	 0.051586

Algorithm restart at iteration no. 1
1	 0.031611	 0.711673 	-0.012478 	2.000000 	5.845952 	0.000000 	-4.288327 	0.057572	 5.845966 	 0.000000
The optimum value of x = ( 0.711673 	2.000000 	
0.000000 	-4.288327 	)
#Total number of function evaluations: 165

R value for present sequence is 2.000000, x0 is : 7.100000 	1.000000 	
#It	 F(x)	 x1 	F'(x1) 	x2 	F'(x2) 	g1 	g2 	Angle	||grad_f(x)||	||x(k)-x(k-1)||/||(x(k-1)||
1	 0.040779	 1.184684 	0.272209 	2.544630 	-0.071080 	0.000000 	-1.933419 	0.000000	 0.281336 	 0.852663
2	 -0.002078	 2.726616 	0.182840 	2.706894 	0.726654 	-5.727539 	0.000000 	20.633581	 0.749304 	 0.552372
3	 0.014670	 2.803617 	0.000558 	1.891813 	-0.015138 	-6.968454 	-2.640835 	90.574169	 0.015149 	 0.213089
4	 -0.014665	 2.232425 	0.048104 	3.244150 	0.005377 	-2.739574 	0.000000 	17.494121	 0.048404 	 0.434043
5	 -0.014620	 2.240482 	-0.002573 	3.249288 	-0.001025 	-2.770470 	0.000000 	80.335874	 0.002770 	 0.002426
6	 0.021708	 3.688435 	0.012917 	4.389585 	0.002230 	-10.214969 	0.000000 	5.689244	 0.013109 	 0.466968

Algorithm restart at iteration no. 6
1	 33.771190	 0.100000 	0.037724 	5.704693 	-0.013825 	0.000000 	-3.805978 	4.261801	 0.040177 	 0.666579

Algorithm restart at iteration no. 1
1	 0.000000	 2.001164 	-142.820176 	4.999280 	52.992338 	-0.005377 	0.000000 	0.000061	 152.334470 	 0.355410
2	 0.074897	 4.755531 	0.000008 	4.199014 	-0.000002 	-19.416066 	0.000000 	175.773206	 0.000008 	 0.532647
The optimum value of x = ( 4.755531 	4.199014 	
-19.416066 	0.000000 	)
#Total number of function evaluations: 93

R value for present sequence is 20.000000, x0 is : 4.755531 	4.199014 	
#It	 F(x)	 x1 	F'(x1) 	x2 	F'(x2) 	g1 	g2 	Angle	||grad_f(x)||	||x(k)-x(k-1)||/||(x(k-1)||
1	 0.285523	 3.917666 	0.722513 	4.285131 	-0.074261 	-12.062973 	0.000000 	0.000000	 0.726319 	 0.132767

Algorithm restart at iteration no. 1
1	 -0.444459	 0.713769 	0.362740 	4.706126 	-0.047664 	0.000000 	-0.784845 	1.075238	 0.365858 	 0.556562
2	 0.019991	 2.357045 	0.001951 	3.564529 	-0.653701 	-2.991132 	0.000000 	27.291207	 0.653704 	 0.420362
3	 0.026559	 1.299397 	0.014508 	2.187489 	0.022864 	-0.500943 	-2.985801 	87.226531	 0.027078 	 0.406317

Algorithm restart at iteration no. 3
1	 0.180391	 1.636620 	0.825400 	1.960581 	-0.555387 	-1.717943 	-3.522609 	1.552358	 0.994857 	 0.159751
2	 0.001048	 2.315244 	-0.174621 	4.169301 	-0.255179 	-2.191054 	0.000000 	73.114614	 0.309207 	 0.904743
3	 0.011036	 1.361921 	0.121548 	4.960400 	-0.035785 	0.000000 	-0.560447 	67.365344	 0.126706 	 0.259764
4	 0.013452	 1.380747 	-0.135392 	4.902056 	-0.137886 	0.000000 	-0.432957 	32.416251	 0.193245 	 0.011918
5	 0.632816	 1.488642 	-0.256329 	6.658966 	-0.076684 	0.000000 	-6.581459 	21.389299	 0.267554 	 0.345629

Algorithm restart at iteration no. 5
1	 -0.013089	 1.841550 	-0.195043 	4.808553 	1.022674 	0.000000 	0.000000 	1.460157	 1.041107 	 0.276077
2	 0.000712	 1.024304 	0.184954 	4.496192 	0.034835 	0.000000 	-0.221902 	79.848110	 0.188206 	 0.169914
3	 -0.213865	 0.797696 	-0.007403 	4.863257 	0.010356 	0.000000 	-0.947516 	100.731172	 0.012730 	 0.093546

Algorithm restart at iteration no. 3
1	 0.037006	 1.698827 	2.197974 	5.416378 	1.349134 	0.000000 	-1.307300 	0.287037	 2.579002 	 0.214548
2	 0.000143	 2.010570 	0.013383 	4.778797 	-0.028229 	-0.263593 	0.000000 	95.447422	 0.031241 	 0.125026
3	 -0.010150	 1.200119 	0.005857 	5.041421 	-0.001043 	0.000000 	-0.884439 	45.970633	 0.005949 	 0.164324

Algorithm restart at iteration no. 3
1	 0.000014	 0.997481 	-0.098952 	4.166743 	-0.427122 	0.000000 	-0.030323 	0.688854	 0.438434 	 0.173252
2	 0.017148	 2.373283 	-0.001498 	3.899108 	0.000297 	-2.733364 	0.000000 	87.929207	 0.001527 	 0.327133

Algorithm restart at iteration no. 2
1	 -0.001852	 2.347769 	0.000634 	5.225395 	-0.032935 	-1.286626 	-0.153823 	2.619280	 0.032941 	 0.290613
2	 0.333144	 1.940067 	0.100182 	6.389950 	0.001819 	0.000000 	-4.771797 	18.185416	 0.100198 	 0.215386

Algorithm restart at iteration no. 2
1	 0.431947	 3.155647 	-0.164062 	1.481208 	0.662512 	-9.476899 	-4.188666 	0.258189	 0.682524 	 0.757268
2	 0.288919	 3.544814 	0.107009 	2.020446 	-0.628751 	-11.545257 	-1.373820 	130.221026	 0.637792 	 0.190765
3	 0.007709	 0.500676 	0.281598 	4.476518 	-0.203605 	0.000000 	-0.726393 	86.885623	 0.347494 	 0.958633
4	 0.038645	 1.742781 	-0.021046 	3.263730 	0.020226 	-0.773557 	0.000000 	174.511268	 0.029190 	 0.385397
5	 0.038725	 1.737470 	-0.032461 	3.264650 	-0.032847 	-0.754154 	0.000000 	34.475124	 0.046180 	 0.001457
6	 -0.651896	 0.706445 	-0.009365 	2.793096 	-0.034267 	0.000000 	-1.750172 	34.390571	 0.035524 	 0.306566

Algorithm restart at iteration no. 6
1	 -0.061150	 0.430610 	-0.556003 	3.450228 	1.324586 	0.000000 	-0.871640 	0.803793	 1.436547 	 0.247367
2	 0.026555	 0.386041 	3.429574 	5.000000 	1.438161 	0.000000 	-1.613959 	21.114775	 3.718909 	 0.445906

Algorithm restart at iteration no. 2
1	 0.002001	 0.469999 	0.294103 	3.395515 	-5.620525 	0.000000 	-0.895404 	0.421093	 5.628215 	 0.320383
2	 0.005604	 1.964442 	1.005098 	3.206685 	0.051531 	-1.652348 	0.000000 	79.771100	 1.006418 	 0.439433
3	 0.018813	 1.113954 	0.003728 	4.581217 	-0.006102 	0.000000 	-0.223859 	51.030987	 0.007151 	 0.429822

Algorithm restart at iteration no. 3
1	 0.440141	 0.696688 	0.331251 	4.326692 	0.202058 	0.000000 	-0.410040 	1.050439	 0.388014 	 0.103669
2	 -0.006535	 1.128203 	0.872801 	4.475516 	-1.556671 	0.000000 	-0.097913 	12.348767	 1.784658 	 0.104156
3	 0.263667	 0.423712 	-0.104137 	2.560173 	0.296328 	0.000000 	-2.649389 	50.756584	 0.314094 	 0.442159

Algorithm restart at iteration no. 3
1	 0.151760	 1.731661 	-7.133732 	2.152125 	2.225549 	-1.846524 	-2.682980 	1.864955	 7.472830 	 0.527986
2	 0.017652	 2.429635 	-0.048966 	3.931358 	-0.132072 	-2.971768 	0.000000 	85.872531	 0.140857 	 0.691902
3	 30.488019	 0.100000 	0.042489 	5.826049 	-0.016441 	0.000000 	-4.234454 	72.269029	 0.045559 	 0.649748

Algorithm restart at iteration no. 3
1	 0.579338	 0.878849 	-127.914945 	6.475196 	-106.613379 	0.000000 	-6.247749 	0.014651	 166.519206 	 0.174004
2	 -0.000014	 2.041557 	-0.395216 	5.027223 	0.496038 	-0.140733 	-0.013630 	91.009470	 0.634232 	 0.284184
3	 -0.009404	 2.237942 	-0.001883 	5.192546 	-0.001598 	-0.815836 	-0.184225 	91.290975	 0.002470 	 0.047311
4	 -0.062581	 1.279032 	0.010627 	4.132451 	-0.014391 	0.000000 	0.000000 	7.774095	 0.017889 	 0.252807

Algorithm restart at iteration no. 4
1	 0.001303	 0.969382 	0.379964 	4.408832 	-0.339141 	0.000000 	-0.197762 	0.272784	 0.509303 	 0.095947
2	 -0.006324	 1.768926 	-0.079958 	4.534415 	-0.002718 	0.000000 	0.000000 	129.270715	 0.080004 	 0.179291
3	 0.011254	 2.213463 	0.026515 	4.861451 	-0.170531 	-1.037965 	0.000000 	27.403693	 0.172580 	 0.113386
4	 0.757916	 1.957962 	0.043603 	1.166051 	-0.055008 	-3.667566 	-7.073305 	49.683742	 0.070194 	 0.693462

Algorithm restart at iteration no. 4
1	 0.015755	 2.465511 	-0.195707 	4.235901 	-1.183709 	-2.842846 	0.000000 	0.231819	 1.199778 	 1.365375
2	 0.017172	 1.751672 	0.063083 	4.402055 	-0.011178 	0.000000 	0.000000 	86.250353	 0.064066 	 0.149540
3	 0.350954	 0.682981 	-0.037036 	5.135844 	-0.159129 	0.000000 	-1.607160 	21.362910	 0.163382 	 0.273622

Algorithm restart at iteration no. 3
1	 0.202581	 1.271300 	1.156501 	6.013658 	1.725583 	0.000000 	-3.783519 	1.641505	 2.077289 	 0.203960
2	 0.650054	 0.458259 	-0.077160 	6.478757 	0.039962 	0.000000 	-6.685977 	94.020872	 0.086895 	 0.152389

Algorithm restart at iteration no. 2
1	 -3.327235	 0.350749 	0.037318 	3.223993 	1.129778 	0.000000 	-1.251439 	3.765097	 1.130394 	 0.501396

Algorithm restart at iteration no. 1
1	 0.007490	 2.046696 	75.996341 	3.170088 	-2.415482 	-2.018875 	0.000000 	0.851384	 76.034718 	 0.523218
2	 -0.015976	 1.647216 	0.002536 	4.668393 	-0.009517 	0.000000 	0.000000 	73.221078	 0.009849 	 0.410943

Algorithm restart at iteration no. 2
1	 0.000774	 1.017262 	-0.193443 	4.497570 	-0.052455 	0.000000 	-0.230315 	2.811330	 0.200428 	 0.131847
2	 0.006089	 2.057078 	-0.006881 	3.375135 	0.008170 	-1.856435 	0.000000 	62.334918	 0.010681 	 0.331815
3	 0.610656	 0.668097 	-0.002013 	2.383139 	-0.002881 	0.000000 	-2.946144 	82.688943	 0.003515 	 0.431828

Algorithm restart at iteration no. 3
1	 0.075954	 0.556239 	2.721278 	2.541288 	-3.847478 	0.000000 	-2.571601 	0.043358	 4.712583 	 0.078266
2	 0.015795	 0.958407 	-1.008626 	3.003008 	-0.689415 	0.000000 	-1.035586 	76.297179	 1.221728 	 0.235373
3	 0.007313	 2.303509 	-0.039769 	4.039557 	-0.030126 	-2.266595 	0.000000 	11.320691	 0.049892 	 0.538714
4	 0.013025	 1.858748 	0.063500 	3.112931 	-0.073982 	-1.342014 	0.000000 	26.731051	 0.097497 	 0.221032
5	 0.022459	 2.324802 	-0.144817 	3.648311 	0.061220 	-2.756393 	0.000000 	15.393723	 0.157226 	 0.195776
6	 -0.015635	 1.743120 	-0.034272 	3.573424 	0.022566 	-0.465045 	0.000000 	41.607314	 0.041034 	 0.135569
7	 0.000001	 1.487441 	0.025254 	3.503928 	-0.197335 	0.000000 	0.000000 	7.867003	 0.198945 	 0.066640
8	 0.005866	 1.960905 	-0.000219 	3.159776 	0.000162 	-1.685371 	0.000000 	51.198316	 0.000272 	 0.153768
The optimum value of x = ( 1.960905 	3.159776 	
-1.685371 	0.000000 	)
#Total number of function evaluations: 662

R value for present sequence is 200.000000, x0 is : 1.960905 	3.159776 	
#It	 F(x)	 x1 	F'(x1) 	x2 	F'(x2) 	g1 	g2 	Angle	||grad_f(x)||	||x(k)-x(k-1)||/||(x(k-1)||
1	 -0.016234	 0.646131 	0.235811 	3.522049 	-0.064975 	0.000000 	-0.582307 	0.000000	 0.244599 	 0.366725

Algorithm restart at iteration no. 1
1	 0.232782	 0.547445 	-0.793752 	3.157721 	-2.930383 	0.000000 	-1.161989 	4.602678	 3.035982 	 0.105411
2	 0.419848	 0.637752 	1.625771 	3.070197 	-0.437816 	0.000000 	-1.226782 	61.027863	 1.683690 	 0.039241
3	 -59.581800	 0.100000 	1.846806 	3.214446 	1.889551 	0.000000 	-1.517095 	29.076043	 2.642176 	 0.177554

Algorithm restart at iteration no. 3
1	 4.563656	 4.060000 	260.847903 	2.228151 	-64.967940 	-15.255449 	-0.079449 	0.004896	 268.816781 	 1.268960
2	 0.286140	 1.730490 	4.828372 	2.560886 	-0.680543 	-1.433709 	-1.340558 	5.854573	 4.876096 	 0.508106
3	 0.000000	 1.502777 	-0.201677 	4.025950 	-1.435790 	0.000000 	0.000000 	73.007053	 1.449885 	 0.479707
4	 0.180934	 2.470208 	0.000080 	4.063874 	0.000003 	-3.038052 	0.000000 	83.376634	 0.000080 	 0.225299
The optimum value of x = ( 2.470208 	4.063874 	
-3.038052 	0.000000 	)
#Total number of function evaluations: 82

R value for present sequence is 2000.000000, x0 is : 2.470208 	4.063874 	
#It	 F(x)	 x1 	F'(x1) 	x2 	F'(x2) 	g1 	g2 	Angle	||grad_f(x)||	||x(k)-x(k-1)||/||(x(k-1)||
1	 9.108436	 3.122126 	5.887874 	3.931936 	-1.191613 	-6.815737 	0.000000 	0.000000	 6.007245 	 0.139860

Algorithm restart at iteration no. 1
1	 0.021332	 1.802964 	16.699996 	4.143780 	-2.681843 	-0.106901 	0.000000 	0.607211	 16.913963 	 0.266109
2	 0.027970	 1.776438 	-0.010088 	4.270123 	0.047415 	0.000000 	0.000000 	110.935985	 0.048476 	 0.028568
3	 0.021842	 1.821197 	-0.142718 	4.193364 	-0.028905 	-0.123393 	0.000000 	18.381948	 0.145616 	 0.019212
4	 0.021786	 1.823882 	-0.030568 	4.192709 	-0.008892 	-0.133838 	0.000000 	46.027242	 0.031835 	 0.000605
The optimum value of x = ( 1.823882 	4.192709 	
-0.133838 	0.000000 	)
#Total number of function evaluations: 51

R value for present sequence is 20000.000000, x0 is : 1.823882 	4.192709 	
#It	 F(x)	 x1 	F'(x1) 	x2 	F'(x2) 	g1 	g2 	Angle	||grad_f(x)||	||x(k)-x(k-1)||/||(x(k-1)||
1	 0.031233	 1.731591 	1.706748 	4.218988 	-0.485993 	0.000000 	0.000000 	0.000000	 1.774592 	 0.020988
2	 -0.004715	 1.880325 	0.006458 	4.880075 	0.031325 	0.000000 	0.000000 	93.177162	 0.031983 	 0.148582
3	 0.010182	 1.239906 	0.104190 	3.513371 	0.033076 	0.000000 	0.000000 	12.422626	 0.109314 	 0.288598

Algorithm restart at iteration no. 3
1	 -0.095898	 1.223715 	-0.015188 	4.243469 	0.684842 	0.000000 	0.000000 	0.977126	 0.685010 	 0.196009
2	 -30.062373	 0.100000 	-0.043020 	4.294819 	-0.000733 	0.000000 	-0.986918 	86.078538	 0.043026 	 0.254707

Algorithm restart at iteration no. 2
1	 8.913918	 0.720903 	161.027079 	4.722467 	110.907805 	0.000000 	-0.801056 	0.007599	 195.525603 	 0.175496
2	 -0.000029	 1.016532 	-22.993636 	4.019031 	33.433783 	0.000000 	0.000000 	78.206500	 40.577397 	 0.159725
3	 2337.716016	 6.244552 	-0.005089 	5.463978 	-0.001407 	-34.530452 	0.000000 	82.621562	 0.005280 	 1.308384

Algorithm restart at iteration no. 3
1	 39.437132	 2.678529 	1691.028021 	5.749505 	-135.398101 	-2.425015 	-1.382237 	0.000061	 1696.439923 	 0.431143
2	 115.671664	 2.734164 	10.518090 	6.100000 	131.805713 	-2.375652 	-2.675836 	85.524014	 132.224718 	 0.055950

Algorithm restart at iteration no. 2
1	 115.671664	 2.734164 	-27.242377 	6.100000 	319.083281 	-2.375652 	-2.675836 	4.039729	 320.244105 	 0.000000
The optimum value of x = ( 2.734164 	6.100000 	
-2.375652 	-2.675836 	)
#Total number of function evaluations: 125

R value for present sequence is 200000.000000, x0 is : 2.734164 	6.100000 	
#It	 F(x)	 x1 	F'(x1) 	x2 	F'(x2) 	g1 	g2 	Angle	||grad_f(x)||	||x(k)-x(k-1)||/||(x(k-1)||
1	 1156.687108	 2.734164 	-272.439730 	6.100000 	3190.588764 	-2.375652 	-2.675836 	0.000000	 3202.199255 	 0.000000
The optimum value of x = ( 2.734164 	6.100000 	
-2.375652 	-2.675836 	)
#Total number of function evaluations: 12

R value for present sequence is 2.000000, x0 is : 3.100000 	7.000000 	
#It	 F(x)	 x1 	F'(x1) 	x2 	F'(x2) 	g1 	g2 	Angle	||grad_f(x)||	||x(k)-x(k-1)||/||(x(k-1)||
1	 0.010585	 3.225049 	-0.011686 	5.767607 	0.115170 	-5.633333 	-0.899384 	0.000000	 0.115761 	 0.161803
2	 0.001528	 2.566685 	0.017289 	5.499377 	0.004210 	-2.088497 	-0.681445 	73.597318	 0.017794 	 0.107582
3	 -0.000036	 1.009288 	0.002005 	4.159675 	0.001912 	0.000000 	-0.016208 	18.528331	 0.002770 	 0.338504
4	 0.010717	 0.909523 	-0.011109 	4.039949 	-0.000119 	0.000000 	-0.092072 	9.489987	 0.011109 	 0.036409

Algorithm restart at iteration no. 4
1	 -0.000001	 0.994640 	-0.355323 	3.980171 	0.249545 	0.000000 	-0.005753 	0.374240	 0.434197 	 0.025117
2	 0.001453	 1.160156 	0.000419 	3.995322 	0.000038 	0.000000 	0.000000 	139.632962	 0.000420 	 0.040513
The optimum value of x = ( 1.160156 	3.995322 	
0.000000 	0.000000 	)
#Total number of function evaluations: 66

