R value for present sequence is 2.000000, x0 is : 1.100000 	5.000000 	
#It	 F(x)	 x1 	F'(x1) 	x2 	F'(x2) 	g1 	g2 	Angle	||grad_f(x)||	||x(k)-x(k-1)||/||(x(k-1)||
1	 -0.105668	 0.887031 	-0.009958 	1.712904 	-0.153703 	-0.073920 	-5.343775 	0.000000	 0.154026 	 0.643411

Algorithm restart at iteration no. 1
1	 109.015724	 0.100000 	3.789121 	1.760772 	-0.230454 	0.000000 	-5.914144 	2.322892	 3.796123 	 0.408763

Algorithm restart at iteration no. 1
1	 -0.253428	 -1.715056 	-500.874205 	1.368949 	-108.125417 	-2.572469 	-9.637485 	0.115367	 512.412017 	 1.052879
2	 0.275565	 -1.598651 	-0.233121 	0.867849 	1.012854 	-2.687837 	-12.409020 	89.068070	 1.039335 	 0.234433
3	 0.438262	 -0.315540 	-1.168662 	0.000000 	-0.444710 	-1.099565 	-17.315540 	42.832008	 1.250415 	 0.851580

Algorithm restart at iteration no. 3
1	 -6.176382	 -0.315983 	-0.050865 	4.241870 	487.059998 	0.000000 	-1.374484 	0.083504	 487.060001 	 13.443216
2	 0.039517	 4.060000 	-108.487388 	3.266888 	0.007473 	-14.216712 	0.000000 	77.402353	 108.487388 	 1.053992
3	 0.000185	 1.473209 	0.040316 	3.618476 	-0.005481 	0.000000 	0.000000 	175.109042	 0.040687 	 0.500959
4	 0.104085	 5.075668 	-0.021417 	3.731311 	0.001203 	-23.031093 	0.000000 	170.397379	 0.021451 	 0.922533
5	 -0.012825	 2.229991 	0.094777 	3.322712 	-0.008980 	-2.650147 	0.000000 	6.374431	 0.095201 	 0.456356
6	 0.001015	 2.076624 	-0.006016 	3.529372 	0.046335 	-1.782994 	0.000000 	61.566231	 0.046724 	 0.064311
7	 -0.003736	 2.724087 	0.016231 	4.754923 	0.011802 	-3.665727 	0.000000 	64.401754	 0.020068 	 0.338480
8	 0.008564	 3.221028 	-0.003186 	4.463662 	0.001136 	-6.911358 	0.000000 	87.437590	 0.003382 	 0.105111
9	 0.022259	 3.671730 	0.015655 	4.110965 	0.020231 	-10.370634 	0.000000 	7.667038	 0.025581 	 0.103970

Algorithm restart at iteration no. 9
1	 0.008429	 3.149986 	0.040337 	4.054035 	0.004401 	-6.868376 	0.000000 	3.606587	 0.040577 	 0.095219
2	 0.007259	 1.561650 	0.006817 	5.754341 	-0.016705 	0.000000 	-2.516062 	53.155815	 0.018042 	 0.453211
3	 0.001264	 2.466938 	-0.094186 	4.588179 	0.026589 	-2.497604 	0.000000 	5.225784	 0.097867 	 0.247599
4	 0.006796	 3.147751 	0.001031 	4.180210 	-0.000583 	-6.728124 	0.000000 	21.237733	 0.001185 	 0.152359

Algorithm restart at iteration no. 4
1	 -0.001458	 1.559615 	-0.009986 	2.857649 	-0.008316 	-0.574748 	-0.745350 	4.756902	 0.012996 	 0.394953

Algorithm restart at iteration no. 1
1	 -0.033092	 1.735903 	-0.107164 	2.845669 	0.007283 	-1.167690 	-0.596578 	4.391591	 0.107411 	 0.054275
2	 -0.004801	 2.282959 	0.011879 	2.396408 	0.151210 	-3.815495 	-1.288547 	35.491689	 0.151676 	 0.212366
3	 -0.008178	 2.296187 	0.059551 	2.296556 	0.072836 	-3.975919 	-1.605536 	43.042639	 0.094082 	 0.030433
4	 -0.010353	 2.269621 	0.111907 	2.231124 	0.014812 	-3.920057 	-1.859301 	29.631671	 0.112883 	 0.021745
5	 0.004117	 2.784679 	0.075033 	2.570463 	-0.029797 	-6.183976 	-0.258897 	34.510292	 0.080733 	 0.193801
6	 0.002655	 2.043017 	0.032155 	2.629929 	-0.049294 	-2.543990 	-0.834077 	37.947232	 0.058854 	 0.196333

Algorithm restart at iteration no. 6
1	 0.012402	 3.186535 	0.025717 	2.381082 	-0.005596 	-8.772922 	-0.434359 	4.453644	 0.026319 	 0.351411
2	 0.054329	 4.477439 	0.000966 	4.400820 	0.013331 	-16.646640 	0.000000 	69.664515	 0.013366 	 0.602590
3	 0.066552	 4.710231 	0.058682 	4.654437 	-0.006513 	-18.531835 	0.000000 	9.959857	 0.059042 	 0.054835
4	 0.052518	 1.748768 	0.065468 	2.170046 	-0.010457 	-1.888145 	-2.599962 	7.455156	 0.066298 	 0.583749

Algorithm restart at iteration no. 4
1	 0.089862	 2.736154 	-0.085037 	0.965781 	0.103716 	-7.520755 	-7.470330 	4.392765	 0.134120 	 0.558776
2	 0.274203	 2.258906 	-0.006094 	0.091447 	-0.054413 	-6.011211 	-14.017883 	111.978874	 0.054754 	 0.343295

Algorithm restart at iteration no. 2
1	 -0.000000	 1.989550 	0.027913 	4.990282 	-0.507665 	0.000000 	0.000000 	3.753297	 0.508432 	 2.170174
2	 0.084130	 5.078004 	0.000061 	6.268875 	0.000025 	-20.517252 	-1.069791 	109.297967	 0.000066 	 0.622206
The optimum value of x = ( 5.078004 	6.268875 	
-20.517252 	-1.069791 	)
#Total number of function evaluations: 355

R value for present sequence is 20.000000, x0 is : 5.078004 	6.268875 	
#It	 F(x)	 x1 	F'(x1) 	x2 	F'(x2) 	g1 	g2 	Angle	||grad_f(x)||	||x(k)-x(k-1)||/||(x(k-1)||
1	 0.067555	 0.711761 	0.783303 	5.926303 	0.061457 	0.000000 	-3.998881 	0.000000	 0.785711 	 0.542876
2	 0.333358	 1.867855 	-0.153116 	6.367696 	2.646708 	0.000000 	-4.738128 	16.403900	 2.651133 	 0.207323
3	 0.218200	 0.430459 	-0.241411 	2.558801 	0.623036 	0.000000 	-2.646597 	48.408368	 0.668172 	 0.613486

Algorithm restart at iteration no. 3
1	 60.691333	 0.100000 	-5.615866 	2.651987 	1.583615 	0.000000 	-2.717140 	4.912629	 5.834877 	 0.132323

Algorithm restart at iteration no. 1
1	 0.736437	 -0.678284 	-268.008195 	3.358906 	243.433192 	0.000000 	-2.089286 	0.405991	 362.060922 	 0.396179
2	 0.558227	 -1.248695 	-3.446689 	2.741563 	-3.838586 	0.000000 	-3.832358 	89.475769	 5.158916 	 0.245286
3	 0.268302	 -1.043359 	0.450761 	2.503556 	-0.412421 	0.000000 	-4.282705 	83.488940	 0.610964 	 0.104344
4	 0.097718	 -0.885517 	-0.147519 	4.968119 	-0.298836 	0.000000 	-2.822771 	44.431889	 0.333264 	 0.910535
5	 0.002070	 -1.335043 	-0.545387 	3.343535 	0.782557 	0.000000 	-2.765989 	11.797670	 0.953857 	 0.334025
6	 0.057604	 -0.981053 	-1.506256 	4.044403 	0.416368 	0.000000 	-1.983024 	11.325730	 1.562745 	 0.218095
7	 0.018861	 2.302515 	-0.032511 	3.554737 	0.008372 	-2.746839 	0.000000 	71.655759	 0.033571 	 0.797724
8	 0.034326	 0.473535 	0.016830 	5.009029 	0.057965 	0.000000 	-1.544604 	29.995681	 0.060359 	 0.551719
9	 0.015158	 1.095797 	0.018193 	3.582788 	0.043366 	0.000000 	-0.078269 	27.927814	 0.047027 	 0.309275

Algorithm restart at iteration no. 9
1	 0.048285	 2.863084 	0.364417 	4.343245 	0.156807 	-4.854007 	0.000000 	3.301956	 0.396722 	 0.513518
2	 -0.250499	 0.734651 	0.072094 	4.894767 	-0.028252 	0.000000 	-1.065957 	37.793843	 0.077432 	 0.422668

Algorithm restart at iteration no. 2
1	 56.541997	 0.138560 	0.629153 	2.699456 	2.317075 	0.000000 	-2.552854 	1.609251	 2.400973 	 0.459593

Algorithm restart at iteration no. 1
1	 0.091780	 2.056129 	-345.827595 	2.178993 	93.863917 	-3.048675 	-2.259937 	0.383738	 358.339448 	 0.735087
2	 0.028409	 2.636043 	-0.068327 	4.339633 	-0.255324 	-3.609088 	0.000000 	90.124983	 0.264308 	 0.746713
3	 0.103671	 0.952432 	0.117400 	5.630234 	-0.026236 	0.000000 	-2.705230 	67.524285	 0.120296 	 0.417796
4	 -0.227903	 0.714396 	0.131877 	5.690833 	0.239661 	0.000000 	-3.144521 	23.180174	 0.273549 	 0.043016
5	 -0.000140	 2.069004 	-0.054288 	5.032328 	-0.505114 	-0.248447 	0.000000 	11.637668	 0.508023 	 0.262607
6	 0.168984	 0.588199 	-0.006046 	2.460944 	-0.008423 	0.000000 	-2.780495 	93.973470	 0.010368 	 0.545351

Algorithm restart at iteration no. 6
1	 0.102508	 0.554736 	1.316383 	2.504488 	-1.712988 	0.000000 	-2.681820 	0.256507	 2.160368 	 0.021704
2	 -0.418044	 0.677019 	-0.198058 	4.747511 	-0.700079 	0.000000 	-0.881753 	40.645420	 0.727555 	 0.875707
3	 0.035203	 0.564224 	-2.023739 	4.426716 	0.107864 	0.000000 	-0.617863 	16.245303	 2.026611 	 0.070909
4	 -0.624879	 0.750867 	1.121760 	2.758841 	-0.376759 	0.000000 	-1.789608 	25.747111	 1.183340 	 0.376084
5	 0.379836	 0.633121 	2.915568 	3.160776 	0.325902 	0.000000 	-1.071176 	9.938794	 2.933726 	 0.146484
6	 -0.476536	 0.776427 	4.313762 	2.819174 	1.259199 	0.000000 	-1.617923 	6.428097	 4.493787 	 0.114918
7	 -0.135298	 0.412904 	3.731161 	3.452615 	1.561822 	0.000000 	-0.886726 	7.089430	 4.044855 	 0.249762

Algorithm restart at iteration no. 7
1	 0.029494	 1.744291 	5.632404 	4.188411 	3.112769 	0.000000 	0.000000 	4.429639	 6.435317 	 0.437470
2	 0.666406	 0.651013 	-0.038193 	6.200549 	0.068299 	0.000000 	-5.191402 	89.553637	 0.078252 	 0.504720

Algorithm restart at iteration no. 2
1	 0.771847	 0.719802 	2.225136 	6.236059 	1.148658 	0.000000 	-5.280159 	1.789910	 2.504126 	 0.012417
2	 0.152759	 1.194276 	-0.418787 	2.707761 	0.802400 	0.000000 	-1.475606 	70.327045	 0.905112 	 0.567117
3	 0.137797	 3.417887 	0.447101 	4.287459 	0.058637 	-8.394496 	0.000000 	62.243198	 0.450929 	 0.921668
4	 -0.000000	 1.493496 	0.237636 	4.010241 	-0.032299 	0.000000 	0.000000 	27.182477	 0.239821 	 0.354592
5	 -0.002725	 1.394618 	0.000107 	4.026346 	-0.000017 	0.000000 	0.000000 	17.441218	 0.000108 	 0.023410
The optimum value of x = ( 1.394618 	4.026346 	
0.000000 	0.000000 	)
#Total number of function evaluations: 374

R value for present sequence is 200.000000, x0 is : 1.394618 	4.026346 	
#It	 F(x)	 x1 	F'(x1) 	x2 	F'(x2) 	g1 	g2 	Angle	||grad_f(x)||	||x(k)-x(k-1)||/||(x(k-1)||
1	 -0.095968	 1.228373 	0.072773 	4.245609 	-0.095981 	0.000000 	0.000000 	0.000000	 0.120450 	 0.064576
2	 0.008296	 2.076956 	0.010197 	4.733235 	0.007362 	-0.580512 	0.000000 	82.680589	 0.012577 	 0.221441

Algorithm restart at iteration no. 2
1	 0.676727	 0.309003 	0.151765 	4.989714 	-0.022017 	0.000000 	-1.670530 	2.702917	 0.153354 	 0.345619

Algorithm restart at iteration no. 1
1	 -1.946971	 0.336375 	-5.127346 	5.158231 	-31.567013 	0.000000 	-2.005125 	0.274615	 31.980713 	 0.034150
2	 0.009141	 1.041712 	51.357555 	3.445812 	-8.248024 	0.000000 	-0.265412 	31.599645	 52.015655 	 0.358276
3	 -0.002809	 1.123227 	-0.153982 	3.480659 	-0.064715 	0.000000 	-0.146488 	89.203728	 0.167029 	 0.024626
4	 0.022825	 0.849619 	-0.139598 	3.499148 	0.286906 	0.000000 	-0.401234 	27.001819	 0.319065 	 0.074980
5	 -0.004418	 1.686928 	-0.105117 	3.530931 	-1.365861 	-0.314794 	0.000000 	6.037149	 1.369900 	 0.232700
6	 -69.225668	 0.100000 	0.004589 	2.336383 	-0.205098 	0.000000 	-3.667620 	34.782521	 0.205149 	 0.507582

Algorithm restart at iteration no. 6
1	 -0.025914	 1.697791 	317.118826 	3.843840 	299.189905 	-0.038653 	0.000000 	0.001705	 435.980446 	 0.939341
2	 0.485743	 0.464214 	-0.108486 	5.147556 	0.114571 	0.000000 	-1.852670 	90.046621	 0.157784 	 0.427126
3	 0.014785	 0.937571 	0.865051 	4.529508 	1.173132 	0.000000 	-0.342807 	5.965981	 1.457584 	 0.150624
4	 0.238373	 0.817415 	0.017283 	4.155454 	0.031395 	0.000000 	-0.206751 	55.234367	 0.035838 	 0.084937

Algorithm restart at iteration no. 4
1	 -0.024916	 1.739294 	-2.943432 	3.862472 	0.935450 	-0.162672 	0.000000 	0.596459	 3.088504 	 0.228405
2	 0.000097	 2.015393 	0.040406 	4.991853 	0.137383 	-0.069956 	0.000000 	86.072229	 0.143202 	 0.274465
3	 0.618796	 0.505194 	0.011186 	5.250271 	-0.002858 	0.000000 	-2.057985 	85.937951	 0.011546 	 0.284609

Algorithm restart at iteration no. 3
1	 -0.364247	 0.708789 	-0.572142 	4.715222 	1.503589 	0.000000 	-0.802753 	0.354430	 1.608765 	 0.108536
2	 0.103649	 1.218531 	-0.482929 	4.742233 	-0.183845 	0.000000 	-0.332379 	72.171536	 0.516739 	 0.107055
3	 0.034013	 1.781425 	-0.001932 	2.994462 	0.149740 	-1.179014 	-0.229682 	75.151169	 0.149753 	 0.375015
4	 -68.018241	 0.100000 	0.103061 	0.458078 	0.037822 	-0.551922 	-13.445208 	51.372481	 0.109782 	 0.873376

Algorithm restart at iteration no. 4
1	 0.166476	 1.212487 	548.604371 	5.229039 	2352.719290 	0.000000 	-1.298050 	0.000710	 2415.834186 	 10.448490
2	 0.257865	 2.416251 	-0.525733 	3.201244 	0.885027 	-3.637023 	0.000000 	43.802708	 1.029402 	 0.439321
3	 0.088663	 1.857138 	0.740035 	2.798292 	-0.145212 	-1.650671 	-0.586965 	84.880241	 0.754147 	 0.171834
4	 0.061293	 0.976432 	0.325626 	3.212528 	-0.443239 	0.000000 	-0.643681 	60.945506	 0.549994 	 0.289792
5	 0.758383	 0.821853 	-0.288810 	5.355136 	-0.295278 	0.000000 	-2.014542 	60.659409	 0.413038 	 0.639788
6	 0.213821	 0.800533 	-2.740505 	5.000000 	0.737405 	0.000000 	-1.199467 	7.558974	 2.837980 	 0.065668

Algorithm restart at iteration no. 6
1	 0.009865	 0.874796 	-0.387398 	4.519295 	2.507622 	0.000000 	-0.394871 	2.227222	 2.537370 	 0.096058
2	 5.546480	 0.313954 	0.175290 	5.865132 	-0.486079 	0.000000 	-4.164764 	166.092595	 0.516720 	 0.316742

Algorithm restart at iteration no. 2
1	 5.343446	 4.060000 	-54.684257 	6.767769 	-13.176570 	-10.715831 	-4.600547 	0.649690	 56.249355 	 0.656038
2	 2.253468	 3.256870 	2.071063 	2.000000 	7.020655 	-9.607204 	-1.743130 	113.063778	 7.319761 	 0.612625
3	 0.086136	 1.842673 	1.944575 	2.793379 	-2.448445 	-1.602066 	-0.613261 	109.687024	 3.126700 	 0.424273
4	 0.066762	 0.527115 	0.327502 	4.435483 	-0.456588 	0.000000 	-0.662530 	21.998600	 0.561899 	 0.628762
5	 0.103233	 1.137881 	0.077535 	4.972416 	0.128243 	0.000000 	-0.807712 	92.582216	 0.149860 	 0.182064
6	 0.429403	 0.812881 	-0.131946 	3.161625 	0.150545 	0.000000 	-0.889991 	38.490248	 0.200184 	 0.360663

Algorithm restart at iteration no. 6
1	 0.024398	 1.559542 	-3.977575 	3.032745 	0.686563 	-0.399425 	-0.376040 	1.768194	 4.036393 	 0.232107
2	 -0.000009	 1.973662 	-0.033297 	4.979371 	-0.210611 	0.000000 	0.000000 	87.748011	 0.213227 	 0.583592
3	 0.048077	 2.400680 	0.001054 	5.170788 	0.000478 	-1.592477 	0.000000 	126.104086	 0.001157 	 0.087367

Algorithm restart at iteration no. 3
1	 0.006959	 2.215830 	0.345665 	5.206972 	-0.067664 	-0.702931 	-0.240951 	0.108558	 0.352226 	 0.033040
2	 0.067205	 1.292766 	0.023582 	3.646780 	0.125362 	0.000000 	0.000000 	70.437202	 0.127561 	 0.320349
3	 -0.078088	 1.180765 	-0.522970 	3.327139 	0.300473 	0.000000 	-0.271977 	11.295276	 0.603143 	 0.087538
4	 2.369139	 0.973004 	-0.606775 	2.000000 	0.213036 	0.000000 	-4.026996 	10.408682	 0.643087 	 0.380491

Algorithm restart at iteration no. 4
1	 0.017017	 1.381596 	-1.177604 	3.629342 	-4.695929 	0.000000 	0.000000 	0.127196	 4.841333 	 0.755260
2	 -0.014179	 1.694482 	-0.391453 	3.579631 	0.096039 	-0.291638 	0.000000 	84.915609	 0.403062 	 0.081580
3	 0.003176	 1.596037 	-0.037415 	3.445487 	-0.186756 	-0.101846 	0.000000 	62.728355	 0.190467 	 0.042014
4	 0.957080	 0.724689 	0.087202 	5.428621 	-0.058460 	0.000000 	-2.316270 	59.969555	 0.104985 	 0.570452
5	 1.964756	 0.589710 	-0.904304 	5.830376 	-0.439841 	0.000000 	-3.760568 	5.146712	 1.005597 	 0.077386

Algorithm restart at iteration no. 5
1	 0.007121	 1.918352 	-3.578744 	4.195964 	4.402349 	-0.484109 	0.000000 	0.324673	 5.673454 	 0.359433
2	 0.006919	 1.932811 	-0.017047 	4.207726 	-0.013977 	-0.528033 	0.000000 	89.982183	 0.022045 	 0.004040
3	 0.044914	 1.776326 	0.015750 	3.118391 	-0.018562 	-1.036942 	-0.000909 	42.681432	 0.024343 	 0.237672

Algorithm restart at iteration no. 3
1	 0.030036	 1.745735 	0.021971 	2.959398 	0.114190 	-1.088191 	-0.337118 	0.449067	 0.116285 	 0.045115
2	 1.480987	 0.474018 	0.065242 	2.366301 	-0.002334 	0.000000 	-3.194956 	54.084096	 0.065283 	 0.408396

Algorithm restart at iteration no. 2
1	 5.334881	 0.320363 	0.322162 	3.791387 	-2.987916 	0.000000 	-0.723157 	0.970802	 3.005234 	 0.593933

Algorithm restart at iteration no. 1
1	 -0.011498	 1.715356 	-97.769380 	3.941224 	-10.501459 	-0.001224 	0.000000 	1.749857	 98.331747 	 0.368740
2	 0.040540	 1.832618 	-0.024615 	3.029788 	0.194380 	-1.328703 	-0.108693 	88.763747	 0.195933 	 0.213792
3	 2.755159	 0.684954 	0.105718 	2.122135 	0.019216 	0.000000 	-3.841424 	58.968064	 0.107450 	 0.413227

Algorithm restart at iteration no. 3
1	 -5.275528	 0.100000 	0.910438 	2.485288 	-0.565221 	0.000000 	-3.194353 	4.495690	 1.071621 	 0.308759

Algorithm restart at iteration no. 1
1	 -89.884373	 0.085096 	29.148692 	2.233611 	492.212871 	0.000000 	-4.035036 	0.109561	 493.075204 	 0.101362
2	 10.597628	 -1.152464 	354.890771 	1.448088 	-20.998644 	-0.880086 	-8.664722 	54.184373	 355.511465 	 0.655776
3	 2.328564	 -2.510534 	2.772759 	3.517071 	-4.394851 	-3.785712 	-3.743755 	89.088194	 5.196432 	 1.337261
4	 1.589037	 -2.210308 	-1.838497 	3.965241 	-1.205111 	-1.920221 	-3.211516 	67.071553	 2.198264 	 0.124836
5	 1.093569	 -0.481395 	-1.310143 	5.121233 	-0.442780 	0.000000 	-2.738559 	22.405509	 1.382942 	 0.458133
6	 -37.148763	 0.100000 	-1.150332 	5.238708 	1.781443 	0.000000 	-2.434398 	22.335443	 2.120567 	 0.115312

Algorithm restart at iteration no. 6
1	 0.003465	 2.191017 	160.714158 	5.174687 	-4.920576 	-0.625867 	-0.188874 	0.065790	 160.789467 	 0.399262
2	 0.002067	 2.191707 	-0.001391 	5.135452 	0.077027 	-0.668126 	-0.097545 	92.723750	 0.077040 	 0.006983
3	 0.060203	 0.494911 	0.041054 	4.370191 	-0.003712 	0.000000 	-0.642130 	66.704992	 0.041222 	 0.333367
4	 0.105268	 1.857175 	-0.165340 	5.290315 	0.139132 	0.000000 	-0.807737 	9.757080	 0.216090 	 0.373772

Algorithm restart at iteration no. 4
1	 0.000313	 2.038391 	-0.404629 	5.025824 	0.590570 	-0.129215 	-0.013924 	3.248847	 0.715889 	 0.057183
2	 0.003625	 1.806450 	0.013491 	4.991077 	0.001786 	0.000000 	-0.175783 	115.850222	 0.013608 	 0.043244

Algorithm restart at iteration no. 2
1	 0.005504	 1.939504 	-0.043456 	4.285289 	0.230514 	-0.476387 	0.000000 	3.352069	 0.234574 	 0.135311
2	 0.990797	 0.696598 	0.020171 	5.365702 	-0.020419 	0.000000 	-2.168545 	141.618299	 0.028702 	 0.350113
3	 0.056651	 1.139915 	-0.005680 	4.654148 	-0.064914 	0.000000 	-0.287994 	17.069887	 0.065162 	 0.154943

Algorithm restart at iteration no. 3
1	 0.018465	 1.935522 	0.482353 	5.132530 	0.290029 	0.000000 	-0.347101 	2.403446	 0.562833 	 0.193741
2	 19.057747	 1.723730 	-0.141383 	7.484932 	0.234406 	0.000000 	-11.421021 	64.101183	 0.273744 	 0.430586

Algorithm restart at iteration no. 2
1	 0.178055	 2.324858 	-3.335177 	3.315879 	23.130730 	-3.089084 	0.000000 	0.031889	 23.369940 	 0.548399
2	 0.056261	 0.785499 	0.664335 	3.490262 	-0.094013 	0.000000 	-0.474333 	104.625810	 0.670954 	 0.382548
3	 0.047697	 1.766873 	-0.334363 	3.146924 	-2.952413 	-0.974914 	0.000000 	12.814383	 2.971286 	 0.290617
4	 0.022878	 1.908939 	0.019041 	3.539506 	0.091778 	-1.104540 	0.000000 	89.352681	 0.093732 	 0.115682
5	 0.005533	 1.549981 	0.198004 	3.168286 	-0.068010 	-0.234154 	-0.141767 	24.134201	 0.209358 	 0.128408
6	 0.005031	 1.521315 	0.070959 	3.165697 	-0.073115 	-0.148701 	-0.174747 	40.784412	 0.101887 	 0.008160
7	 -43.066690	 0.100000 	-0.015097 	4.180051 	-0.090565 	0.000000 	-0.932418 	40.659342	 0.091815 	 0.497158

Algorithm restart at iteration no. 7
1	 0.832872	 2.816103 	185.147026 	2.508031 	-113.975638 	-6.422407 	-0.409869 	0.001107	 217.416345 	 0.762809
2	 -0.219708	 0.673471 	1.302151 	3.577784 	-0.649161 	0.000000 	-0.504795 	5.082596	 1.454994 	 0.635062
3	 0.216969	 0.817236 	-1.459605 	3.408745 	-3.036014 	0.000000 	-0.532347 	23.078508	 3.368653 	 0.060953
4	 -0.552805	 0.714659 	-2.337979 	3.745299 	-1.967222 	0.000000 	-0.350213 	23.420668	 3.055505 	 0.100372
5	 0.000078	 1.464351 	0.011960 	3.977939 	0.003848 	0.000000 	0.000000 	90.253053	 0.012564 	 0.205870
6	 0.296692	 0.580467 	-0.006768 	3.005290 	-0.003820 	0.000000 	-1.408980 	149.442352	 0.007772 	 0.310048

Algorithm restart at iteration no. 6
1	 1.826328	 1.721629 	-0.221697 	1.951983 	0.204629 	-2.012023 	-3.472744 	3.538915	 0.301699 	 0.507367

Algorithm restart at iteration no. 1
1	 0.030303	 2.342507 	-0.762370 	5.148234 	-3.924648 	-1.339104 	0.000000 	3.822765	 3.998009 	 1.250989
2	 27.231895	 0.100000 	0.313788 	5.870446 	-0.073942 	0.000000 	-4.398568 	83.108009	 0.322383 	 0.416529

Algorithm restart at iteration no. 2
1	 27.231895	 0.100000 	-104.436864 	5.870446 	-148.516854 	0.000000 	-4.398568 	0.096544	 181.560774 	 0.000000
The optimum value of x = ( 0.100000 	5.870446 	
0.000000 	-4.398568 	)
#Total number of function evaluations: 943

R value for present sequence is 2000.000000, x0 is : 0.100000 	5.870446 	
#It	 F(x)	 x1 	F'(x1) 	x2 	F'(x2) 	g1 	g2 	Angle	||grad_f(x)||	||x(k)-x(k-1)||/||(x(k-1)||
1	 10.331865	 -1.382165 	-116.003588 	4.525717 	-105.246977 	0.000000 	-2.658543 	0.000000	 156.632559 	 0.340858
2	 -72.369075	 -0.020265 	-7.625386 	3.228842 	8.391726 	0.000000 	-1.614949 	85.781096	 11.338764 	 0.397416
3	 -47.190126	 0.100000 	-42.036455 	3.150640 	-43.593735 	0.000000 	-1.621413 	10.560700	 60.559700 	 0.044428

Algorithm restart at iteration no. 3
1	 -47.190126	 0.100000 	218.100551 	3.150640 	-219.573703 	0.000000 	-1.621413 	0.448522	 309.484186 	 0.000000
The optimum value of x = ( 0.100000 	3.150640 	
0.000000 	-1.621413 	)
#Total number of function evaluations: 40

R value for present sequence is 20000.000000, x0 is : 0.100000 	3.150640 	
#It	 F(x)	 x1 	F'(x1) 	x2 	F'(x2) 	g1 	g2 	Angle	||grad_f(x)||	||x(k)-x(k-1)||/||(x(k-1)||
1	 -12.623551	 0.100000 	175.462956 	3.150640 	-292.003111 	0.000000 	-1.621413 	0.000000	 340.665622 	 0.000000
The optimum value of x = ( 0.100000 	3.150640 	
0.000000 	-1.621413 	)
#Total number of function evaluations: 9

R value for present sequence is 200000.000000, x0 is : 0.100000 	3.150640 	
#It	 F(x)	 x1 	F'(x1) 	x2 	F'(x2) 	g1 	g2 	Angle	||grad_f(x)||	||x(k)-x(k-1)||/||(x(k-1)||
1	 333.042193	 0.100000 	-250.912990 	3.150640 	-1016.297186 	0.000000 	-1.621413 	0.000000	 1046.812924 	 0.000000
The optimum value of x = ( 0.100000 	3.150640 	
0.000000 	-1.621413 	)
#Total number of function evaluations: 9

R value for present sequence is 2.000000, x0 is : 6.100000 	2.000000 	
#It	 F(x)	 x1 	F'(x1) 	x2 	F'(x2) 	g1 	g2 	Angle	||grad_f(x)||	||x(k)-x(k-1)||/||(x(k-1)||
1	 0.035439	 3.739402 	0.173208 	2.203581 	-0.014938 	-12.779550 	-0.487719 	0.000000	 0.173851 	 0.369088

Algorithm restart at iteration no. 1
1	 0.011853	 3.201862 	0.036384 	2.276974 	-0.004968 	-8.974947 	-0.766957 	2.348648	 0.036721 	 0.124995
2	 0.017587	 3.515048 	-0.001765 	3.883801 	-0.005025 	-9.471761 	0.000000 	93.216889	 0.005326 	 0.416669
3	 0.203076	 3.455311 	0.025701 	7.753677 	-0.003698 	-5.185499 	-11.634782 	11.908786	 0.025966 	 0.738858

Algorithm restart at iteration no. 3
1	 0.019064	 3.690759 	-0.022818 	5.141342 	0.253164 	-9.480363 	0.000000 	0.091882	 0.254190 	 0.308989
2	 0.203619	 0.689873 	0.036433 	4.428444 	0.003299 	0.000000 	-0.493691 	81.753608	 0.036583 	 0.487351

Algorithm restart at iteration no. 2
1	 0.007335	 0.952303 	0.588302 	3.195628 	-2.763659 	0.000000 	-0.694711 	0.733877	 2.825581 	 0.281231
2	 0.007310	 2.889357 	-0.432640 	3.451143 	0.009575 	-5.897238 	0.000000 	94.464738	 0.432746 	 0.585944
3	 0.000702	 2.698523 	0.001492 	5.541623 	-0.012444 	-2.740404 	-0.678078 	87.666161	 0.012533 	 0.466382

Algorithm restart at iteration no. 3
1	 0.000661	 2.405011 	-0.003312 	3.162346 	-0.026847 	-3.621730 	0.000000 	3.867205	 0.027051 	 0.388938
2	 0.013163	 2.769516 	0.063277 	1.879908 	-0.008321 	-6.790310 	-2.725274 	22.890041	 0.063822 	 0.335576
3	 -0.012180	 2.238256 	0.032057 	2.280258 	0.010432 	-3.729532 	-1.719256 	37.117237	 0.033712 	 0.198735
4	 0.019483	 3.373136 	0.006808 	2.789897 	0.009493 	-9.588152 	0.000000 	61.159885	 0.011681 	 0.389352
5	 0.019548	 3.376938 	-0.003511 	2.776930 	-0.006414 	-9.626783 	0.000000 	97.802581	 0.007312 	 0.003087
6	 0.019984	 3.610134 	-0.003047 	3.742993 	-0.005542 	-10.290078 	0.000000 	29.900261	 0.006324 	 0.227309
7	 0.010594	 3.454702 	0.012563 	5.702072 	-0.004098 	-7.232896 	-0.442348 	18.099930	 0.013215 	 0.377909
8	 0.018852	 3.739626 	0.014833 	4.923077 	0.001653 	-10.061727 	0.000000 	15.547846	 0.014925 	 0.124414
9	 0.113065	 2.548034 	0.029375 	7.215302 	0.008477 	-0.277177 	-8.790136 	7.373863	 0.030573 	 0.417874

Algorithm restart at iteration no. 9
1	 -0.001382	 2.690338 	-0.015309 	5.679267 	0.165249 	-2.558653 	-1.129598 	0.524034	 0.165957 	 0.201596
2	 0.098983	 5.195430 	-0.025250 	5.540078 	-0.002438 	-22.452417 	0.000000 	81.494012	 0.025367 	 0.399244

Algorithm restart at iteration no. 2
1	 0.005677	 2.010648 	0.092336 	5.726536 	-0.005406 	0.000000 	-1.970278 	0.063417	 0.092494 	 0.420041
2	 0.002199	 2.007926 	-0.004229 	5.494963 	0.019883 	0.000000 	-1.226990 	92.639823	 0.020328 	 0.038158
3	 0.006445	 2.354371 	-0.003602 	3.843659 	0.010736 	-2.699405 	0.000000 	12.517369	 0.011324 	 0.288403
4	 0.006444	 2.355118 	-0.075894 	3.841252 	-0.023357 	-2.705330 	0.000000 	5.387886	 0.079407 	 0.000559
The optimum value of x = ( 2.355118 	3.841252 	
-2.705330 	0.000000 	)
#Total number of function evaluations: 260

