R value for present sequence is 2.000000, x0 is : 4.100000 	0.000000 	
#It	 F(x)	 x1 	F'(x1) 	x2 	F'(x2) 	g1 	g2 	Angle	||grad_f(x)||	||x(k)-x(k-1)||/||(x(k-1)||
1	 0.027459	 3.845538 	0.019574 	4.071993 	-0.313230 	-11.716168 	0.000000 	0.000000	 0.313841 	 0.995106
2	 0.000013	 1.511732 	0.027645 	4.091308 	0.002216 	0.000000 	0.000000 	85.915437	 0.027734 	 0.416704

Algorithm restart at iteration no. 2
1	 0.000200	 1.970121 	0.003191 	4.109054 	0.000124 	-0.772323 	0.000000 	2.411827	 0.003193 	 0.105174

Algorithm restart at iteration no. 1
1	 0.002268	 2.537216 	-0.007393 	4.085533 	0.000307 	-3.351929 	0.000000 	3.468246	 0.007399 	 0.124553

Algorithm restart at iteration no. 1
1	 0.008179	 3.110732 	0.011576 	4.053040 	-0.000656 	-6.623616 	0.000000 	1.528815	 0.011595 	 0.119444
2	 0.000021	 1.993598 	0.007226 	4.642974 	-0.009971 	-0.331461 	0.000000 	24.584972	 0.012314 	 0.247267
3	 0.017748	 3.576092 	0.000873 	4.338352 	-0.000133 	-9.450079 	0.000000 	16.934867	 0.000883 	 0.318936
The optimum value of x = ( 3.576092 	4.338352 	
-9.450079 	0.000000 	)
#Total number of function evaluations: 83

R value for present sequence is 2.000000, x0 is : 6.100000 	1.000000 	
#It	 F(x)	 x1 	F'(x1) 	x2 	F'(x2) 	g1 	g2 	Angle	||grad_f(x)||	||x(k)-x(k-1)||/||(x(k-1)||
1	 0.000698	 2.065439 	0.166603 	3.029470 	-0.083805 	-2.236569 	0.000000 	0.000000	 0.186494 	 0.730615
2	 -0.014539	 2.224335 	-0.007955 	3.257463 	-0.009914 	-2.690205 	0.000000 	98.131122	 0.012711 	 0.075793
3	 0.044108	 4.298021 	-0.018087 	4.260421 	0.007391 	-15.212566 	0.000000 	29.303032	 0.019539 	 0.583983
4	 0.027808	 0.528247 	0.060011 	1.964664 	-0.005210 	0.000000 	-4.614345 	5.527614	 0.060237 	 0.729339

Algorithm restart at iteration no. 4
1	 0.046521	 2.237773 	-0.337533 	1.759877 	0.040434 	-4.247750 	-3.780380 	1.150923	 0.339946 	 0.846300
2	 0.009984	 2.793331 	-0.009039 	3.387606 	-0.065937 	-5.415092 	0.000000 	77.954431	 0.066553 	 0.604142

Algorithm restart at iteration no. 2
1	 0.014408	 3.543246 	-0.016277 	4.980211 	-0.034568 	-8.574380 	0.000000 	4.012905	 0.038208 	 0.400919
2	 0.004787	 3.075279 	0.023423 	5.421311 	-0.003011 	-5.036030 	0.000000 	71.878437	 0.023616 	 0.105216
3	 0.003488	 2.898019 	0.005657 	5.438779 	0.000278 	-3.959733 	-0.172068 	37.663695	 0.005664 	 0.028578
4	 -0.001305	 2.697595 	-0.001444 	5.643786 	-0.006138 	-2.633231 	-1.004439 	40.003235	 0.006305 	 0.046522
5	 0.012223	 2.327398 	-0.018338 	6.207763 	-0.010790 	-0.209021 	-3.546817 	11.066895	 0.021277 	 0.107847

Algorithm restart at iteration no. 5
1	 0.008117	 2.240513 	0.061010 	6.155755 	0.036519 	0.000000 	-3.406766 	3.374881	 0.071104 	 0.015274
2	 0.007666	 3.270097 	-0.006067 	4.352132 	0.007840 	-7.341403 	0.000000 	88.780112	 0.009913 	 0.317029
3	 0.004380	 3.022740 	0.029272 	5.569673 	0.011440 	-4.567283 	-0.441135 	18.228231	 0.031428 	 0.228227
4	 -0.992803	 0.709468 	0.010303 	1.745375 	0.002335 	0.000000 	-5.373868 	42.636072	 0.010564 	 0.705298

Algorithm restart at iteration no. 4
1	 0.091471	 1.809634 	-0.261024 	0.942803 	0.190417 	-3.331973 	-8.536822 	1.261799	 0.323098 	 0.722799
2	 0.004927	 2.651292 	0.143564 	5.303164 	0.141845 	-2.726183 	-0.046946 	64.788286	 0.201819 	 2.176350
3	 0.028065	 1.733549 	0.047204 	5.243570 	-0.009039 	0.000000 	-0.812917 	75.329219	 0.048062 	 0.155115
4	 0.019996	 2.232064 	-0.002410 	2.738533 	0.006648 	-3.243577 	-0.359235 	97.500536	 0.007071 	 0.462484
5	 0.002895	 2.530573 	0.013167 	3.546257 	-0.000216 	-3.857542 	0.000000 	31.525105	 0.013169 	 0.243740
6	 0.001512	 0.998964 	0.005532 	2.991941 	-0.001976 	0.000000 	-1.017220 	49.801170	 0.005874 	 0.373879
7	 0.079714	 1.254038 	-0.002966 	2.888210 	-0.005992 	0.000000 	-0.982038 	42.009144	 0.006686 	 0.087296

Algorithm restart at iteration no. 7
1	 0.683520	 0.625677 	-0.251246 	1.348856 	-0.615500 	-0.042616 	-7.402889 	0.557453	 0.664804 	 0.528046

Algorithm restart at iteration no. 1
1	 0.107386	 1.558108 	8.026313 	0.982409 	-3.154354 	-2.445290 	-8.547747 	4.410415	 8.623900 	 0.673785
2	 0.010863	 3.323185 	-0.046445 	5.794019 	-0.120959 	-6.249542 	-0.895319 	88.654332	 0.129570 	 2.782436
3	 0.058306	 0.552473 	-0.007789 	6.621146 	0.002880 	0.000000 	-7.317936 	86.441982	 0.008304 	 0.432905

Algorithm restart at iteration no. 3
1	 0.052411	 1.965576 	-1.003675 	6.638450 	-0.012290 	0.000000 	-5.995841 	0.139716	 1.003750 	 0.212700
2	 -0.001658	 2.357049 	-0.007715 	4.418481 	0.091897 	-2.137198 	0.000000 	80.668265	 0.092220 	 0.325598
3	 0.000084	 1.506917 	0.046408 	3.143330 	0.028853 	-0.127468 	-0.226966 	43.674269	 0.054646 	 0.306031
4	 -0.102731	 1.245475 	0.001572 	3.317779 	-0.001162 	0.000000 	-0.219951 	89.986189	 0.001955 	 0.090164

Algorithm restart at iteration no. 4
1	 -0.444481	 0.778532 	0.220468 	2.637198 	0.321337 	0.000000 	-2.078698 	0.287543	 0.389696 	 0.232901
2	 -0.000000	 1.499620 	3.420585 	3.500804 	-2.281376 	0.000000 	0.000000 	5.405005	 4.111579 	 0.409159
3	 -1.382723	 0.102638 	-0.000000 	3.494651 	-0.000000 	0.000000 	-1.152740 	130.061027	 0.000000 	 0.366812
The optimum value of x = ( 0.102638 	3.494651 	
0.000000 	-1.152740 	)
#Total number of function evaluations: 346

R value for present sequence is 20.000000, x0 is : 0.102638 	3.494651 	
#It	 F(x)	 x1 	F'(x1) 	x2 	F'(x2) 	g1 	g2 	Angle	||grad_f(x)||	||x(k)-x(k-1)||/||(x(k-1)||
1	 -9.305027	 0.185207 	6.128534 	8.231994 	351.618321 	0.000000 	-18.724565 	0.000000	 351.671725 	 1.355220
2	 5.798587	 0.810830 	117.700334 	8.429360 	-2.051154 	0.000000 	-19.808400 	71.463708	 117.718205 	 0.079671
3	 0.013031	 2.139652 	-1.337147 	3.615334 	4.192615 	-1.962778 	0.000000 	87.886813	 4.400680 	 0.589738
4	 -3.311620	 0.100000 	0.109195 	3.006975 	0.029534 	0.000000 	-1.886098 	88.787398	 0.113118 	 0.506647

Algorithm restart at iteration no. 4
1	 -101.218674	 0.163352 	14.680633 	1.238767 	-409.749632 	0.000000 	-8.461057 	0.015292	 410.012539 	 0.588088
2	 6.752309	 0.344580 	784.299244 	0.920227 	28.147393 	-0.198508 	-10.140421 	27.573978	 784.804167 	 0.293307
3	 0.009548	 2.009137 	-117.181414 	2.899781 	-66.540390 	-2.136852 	-0.201346 	69.668618	 134.755732 	 2.632115
4	 0.039036	 2.366810 	0.028858 	2.634932 	-0.021356 	-3.966858 	-0.496602 	93.502881	 0.035901 	 0.126157
5	 -0.000503	 2.247850 	-0.026467 	3.283262 	-0.031015 	-2.769569 	0.000000 	43.066188	 0.040773 	 0.186105
6	 -0.006005	 1.855175 	0.070082 	3.915884 	0.013518 	-0.525792 	0.000000 	21.422347	 0.071374 	 0.187127
7	 0.010928	 2.285716 	0.116281 	3.448407 	0.071177 	-2.776089 	0.000000 	10.812077	 0.136336 	 0.146669
8	 0.000002	 1.490332 	0.074457 	3.970710 	0.070384 	0.000000 	0.000000 	14.058004	 0.102459 	 0.230000
9	 -0.000212	 1.552342 	-0.000591 	3.978350 	-0.000064 	0.000000 	0.000000 	139.628476	 0.000594 	 0.014732
The optimum value of x = ( 1.552342 	3.978350 	
0.000000 	0.000000 	)
#Total number of function evaluations: 132

R value for present sequence is 200.000000, x0 is : 1.552342 	3.978350 	
#It	 F(x)	 x1 	F'(x1) 	x2 	F'(x2) 	g1 	g2 	Angle	||grad_f(x)||	||x(k)-x(k-1)||/||(x(k-1)||
1	 -27.590182	 0.100000 	-0.011104 	5.357902 	0.010547 	0.000000 	-2.743898 	0.000000	 0.015315 	 0.469060

Algorithm restart at iteration no. 1
1	 2.189992	 0.445910 	120.910939 	5.806293 	156.732544 	0.000000 	-3.816784 	0.004408	 197.950866 	 0.105678
2	 -15.660584	 0.100000 	-4.846133 	6.100649 	3.869080 	0.000000 	-5.312726 	87.216726	 6.201192 	 0.077996

Algorithm restart at iteration no. 2
1	 -0.208761	 0.785414 	81.943780 	4.807411 	-154.611343 	0.000000 	-0.866498 	0.774479	 174.984143 	 0.239884
2	 -9.645171	 0.100000 	2.391275 	4.462810 	1.248783 	0.000000 	-1.114193 	88.732303	 2.697713 	 0.157492

Algorithm restart at iteration no. 2
1	 -67.847586	 -0.083173 	41.714956 	3.252614 	275.604074 	0.000000 	-1.641758 	0.449768	 278.743149 	 0.274193
2	 7.239640	 -2.619188 	-207.394687 	5.839462 	31.390043 	-2.020686 	-7.002808 	53.017019	 209.756743 	 1.113383
3	 1.293326	 -1.908122 	-2.371593 	3.747882 	7.468794 	-0.893048 	-2.971686 	25.644881	 7.836284 	 0.345181
4	 0.031630	 1.733790 	-1.378614 	4.242973 	-0.466376 	0.000000 	0.000000 	78.933424	 1.455363 	 0.873921
5	 0.097970	 0.895865 	-0.001702 	4.908884 	0.001355 	0.000000 	-0.930205 	46.197553	 0.002176 	 0.233511

Algorithm restart at iteration no. 5
1	 0.095165	 0.581970 	0.530871 	4.445292 	0.784044 	0.000000 	-0.616316 	0.131049	 0.946862 	 0.112198
2	 0.013487	 1.030111 	0.924733 	4.572829 	-0.569656 	0.000000 	-0.298022 	39.996409	 1.086112 	 0.103929
3	 -0.030732	 1.109522 	-0.038988 	4.161521 	0.106011 	0.000000 	0.000000 	85.007645	 0.112953 	 0.089368
4	 0.950046	 0.662350 	-0.611853 	5.314852 	-0.111388 	0.000000 	-2.066485 	10.260624	 0.621910 	 0.287211

Algorithm restart at iteration no. 4
1	 0.678248	 1.322330 	1.627186 	5.564450 	0.615387 	0.000000 	-2.125175 	3.645543	 1.739665 	 0.131741
2	 47.124564	 0.100000 	-0.836813 	3.666587 	2.200463 	0.000000 	-1.011164 	36.485342	 2.354208 	 0.394696

Algorithm restart at iteration no. 2
1	 0.149411	 0.949395 	-203.444024 	3.022074 	154.371384 	0.000000 	-1.006944 	0.312981	 255.382057 	 0.290691
2	 0.003208	 1.944644 	-0.372680 	4.406241 	-0.521065 	-0.375400 	0.000000 	91.437034	 0.640624 	 0.538192
3	 0.098814	 1.158058 	0.033010 	4.925477 	-0.019074 	0.000000 	-0.698449 	92.250646	 0.038125 	 0.195692
4	 0.414902	 0.487050 	0.056472 	5.083100 	0.020004 	0.000000 	-1.686056 	20.201726	 0.059910 	 0.136226

Algorithm restart at iteration no. 4
1	 0.231808	 1.327842 	-0.394396 	2.817121 	1.062917 	0.000000 	-1.071361 	1.105496	 1.133729 	 0.473317
2	 0.183898	 1.646834 	-1.122104 	2.667980 	-0.940324 	-1.044081 	-1.127443 	44.566802	 1.464010 	 0.113068
3	 6.349736	 4.548283 	-0.475131 	3.690482 	-0.994381 	-17.996392 	0.000000 	44.452995	 1.102063 	 0.981194

Algorithm restart at iteration no. 3
1	 -0.000082	 1.766897 	6.417144 	3.996377 	-0.705753 	-0.125550 	0.000000 	3.324052	 6.455836 	 0.477731
2	 0.025463	 1.646149 	0.018948 	3.067358 	0.189244 	-0.642448 	-0.223673 	88.834910	 0.190190 	 0.214400
3	 0.043561	 1.879807 	0.140855 	3.207335 	-0.011681 	-1.326338 	0.000000 	51.649163	 0.141339 	 0.078243
4	 0.018354	 1.648623 	-0.004161 	4.182036 	-0.038627 	0.000000 	0.000000 	107.538223	 0.038850 	 0.269458
5	 0.000000	 1.502016 	0.217278 	4.495178 	0.047882 	0.000000 	0.000000 	11.740325	 0.222492 	 0.076917
6	 6.875486	 4.621333 	0.000005 	3.629733 	-0.000001 	-18.726982 	0.000000 	49.385476	 0.000005 	 0.683018
The optimum value of x = ( 4.621333 	3.629733 	
-18.726982 	0.000000 	)
#Total number of function evaluations: 303

R value for present sequence is 2000.000000, x0 is : 4.621333 	3.629733 	
#It	 F(x)	 x1 	F'(x1) 	x2 	F'(x2) 	g1 	g2 	Angle	||grad_f(x)||	||x(k)-x(k-1)||/||(x(k-1)||
1	 -0.010820	 1.713411 	67.864992 	3.944454 	-7.344948 	0.000000 	0.000000 	0.000000	 68.261302 	 0.497740
2	 -0.010547	 1.616365 	-0.025961 	4.688414 	0.194768 	0.000000 	0.000000 	103.567300	 0.196491 	 0.174458
3	 -0.000817	 1.544821 	-0.198651 	4.744883 	-0.024430 	0.000000 	-0.010029 	44.266691	 0.200147 	 0.018379
4	 -0.022876	 1.710656 	-0.089175 	4.644614 	0.043691 	0.000000 	0.000000 	7.122134	 0.099303 	 0.038836
5	 0.536228	 0.867264 	-0.063163 	4.729578 	-0.105807 	0.000000 	-0.665019 	25.395687	 0.123227 	 0.171258

Algorithm restart at iteration no. 5
1	 0.403043	 0.805494 	0.344377 	4.231980 	2.774169 	0.000000 	-0.248320 	1.083212	 2.795463 	 0.104279
2	 0.034902	 1.129284 	-4.112154 	3.599187 	0.476893 	0.000000 	-0.031367 	34.160699	 4.139715 	 0.165002
3	 0.097830	 1.243411 	0.406889 	3.688425 	0.206550 	0.000000 	0.000000 	79.043642	 0.456313 	 0.038406
4	 -0.085574	 1.185052 	-0.185257 	4.229949 	0.224036 	0.000000 	0.000000 	58.104903	 0.290710 	 0.139930
5	 -0.089695	 1.205661 	-0.459489 	4.199628 	-0.046484 	0.000000 	0.000000 	28.041479	 0.461834 	 0.008346
6	 0.003712	 1.747124 	-0.238420 	4.015252 	-0.161446 	-0.037190 	0.000000 	36.976902	 0.287939 	 0.130913
7	 -0.000090	 1.463668 	0.045337 	4.473983 	0.188156 	0.000000 	0.000000 	39.467150	 0.193541 	 0.123146
8	 0.294256	 0.751080 	0.007624 	4.065496 	0.003701 	0.000000 	-0.253209 	91.852233	 0.008475 	 0.174487

Algorithm restart at iteration no. 8
1	 0.622355	 0.688699 	-1.615501 	4.176126 	2.865017 	0.000000 	-0.342321 	0.148244	 3.289098 	 0.030720
2	 -0.369827	 0.697306 	0.373585 	3.763519 	1.642084 	0.000000 	-0.358617 	28.211010	 1.684045 	 0.097506
3	 -0.385070	 0.712105 	-2.117645 	3.738277 	-0.038428 	0.000000 	-0.356395 	29.173528	 2.117994 	 0.007645
4	 0.018563	 1.053349 	-1.100285 	3.609948 	-0.647481 	0.000000 	-0.098792 	38.994626	 1.276659 	 0.095803
5	 13.653713	 0.317345 	-0.070790 	2.538811 	-0.193979 	0.000000 	-2.817729 	76.084875	 0.206492 	 0.345601

Algorithm restart at iteration no. 5
1	 73.228599	 0.100000 	-45.861125 	2.660799 	25.740363 	0.000000 	-2.693458 	0.217344	 52.590961 	 0.097414

Algorithm restart at iteration no. 1
1	 12.306107	 0.358490 	-284.776872 	2.479600 	199.626534 	0.000000 	-2.953127 	0.751056	 347.776681 	 0.118555
2	 12.285464	 0.354451 	1.821930 	2.488137 	-3.791757 	0.000000 	-2.931279 	150.291015	 4.206762 	 0.003770
3	 0.013285	 1.060998 	-2.317844 	3.649587 	-1.218403 	0.000000 	-0.061791 	56.612046	 2.618569 	 0.540922
4	 -0.016565	 1.340981 	0.153706 	3.446171 	-0.093460 	0.000000 	0.000000 	85.279616	 0.179890 	 0.091056
5	 52.961337	 0.100000 	0.242953 	3.706293 	0.307928 	0.000000 	-0.986264 	24.151474	 0.392232 	 0.342886

Algorithm restart at iteration no. 5
1	 0.007714	 1.453849 	-225.629671 	3.269637 	72.772066 	0.000000 	-0.079581 	0.004085	 237.074929 	 0.383674
2	 -0.000352	 1.470375 	-0.130476 	3.312260 	-0.338049 	0.000000 	-0.002612 	86.648712	 0.362355 	 0.012775
3	 2.672947	 2.372964 	0.030178 	2.939888 	-0.009464 	-3.691069 	0.000000 	88.737628	 0.031627 	 0.269425

Algorithm restart at iteration no. 3
1	 0.093114	 1.546483 	6.832073 	3.118617 	-1.477462 	-0.272993 	-0.230352 	0.045848	 6.990001 	 0.223813
2	 -0.003266	 1.566213 	-0.283252 	3.773011 	-1.287099 	0.000000 	0.000000 	79.492372	 1.317899 	 0.188075
3	 -0.369815	 0.730419 	-0.131033 	3.712897 	0.003801 	0.000000 	-0.352009 	84.125308	 0.131088 	 0.205120
4	 -0.020754	 1.702059 	0.092846 	3.884816 	-1.254475 	-0.012188 	0.000000 	5.917615	 1.257907 	 0.260760
5	 0.000041	 1.464102 	-0.063284 	3.987854 	0.149733 	0.000000 	0.000000 	33.433469	 0.162557 	 0.061138
6	 0.007806	 1.878123 	-0.003538 	4.399326 	-0.003913 	-0.128019 	0.000000 	68.208635	 0.005275 	 0.137405

Algorithm restart at iteration no. 6
1	 -0.015151	 1.674011 	0.089570 	4.607247 	-0.091242 	0.000000 	0.000000 	2.314942	 0.127859 	 0.060911
2	 6.350988	 1.560761 	-0.116719 	5.626653 	-0.114042 	0.000000 	-2.085238 	38.115628	 0.163184 	 0.209239

Algorithm restart at iteration no. 2
1	 -0.018063	 1.813034 	-6.155372 	4.814619 	19.813280 	0.000000 	0.000000 	0.052940	 20.747402 	 0.145625
2	 -0.028036	 1.729131 	0.176877 	4.788575 	0.053183 	0.000000 	0.000000 	89.977218	 0.184700 	 0.017076
3	 -0.029163	 1.729418 	-0.014428 	4.744223 	0.050141 	0.000000 	0.000000 	73.095706	 0.052175 	 0.008712
4	 -0.029190	 1.733248 	-0.013980 	4.743139 	0.000049 	0.000000 	0.000000 	73.801292	 0.013980 	 0.000788
The optimum value of x = ( 1.733248 	4.743139 	
0.000000 	0.000000 	)
#Total number of function evaluations: 395

R value for present sequence is 20000.000000, x0 is : 1.733248 	4.743139 	
#It	 F(x)	 x1 	F'(x1) 	x2 	F'(x2) 	g1 	g2 	Angle	||grad_f(x)||	||x(k)-x(k-1)||/||(x(k-1)||
1	 -0.011985	 1.816080 	-0.000683 	4.889124 	-0.001203 	0.000000 	0.000000 	0.000000	 0.001384 	 0.033238

Algorithm restart at iteration no. 1
1	 2029.553655	 5.342798 	0.122452 	7.600290 	0.094135 	-21.945198 	-8.619287 	0.201127	 0.154454 	 0.852913

Algorithm restart at iteration no. 1
1	 183.970588	 3.300843 	667.663813 	2.317411 	1727.357545 	-9.578151 	-0.530261 	0.002483	 1851.901470 	 0.609643
2	 16.827659	 1.611649 	232.479350 	2.720851 	-89.684131 	-0.876563 	-1.024573 	82.266845	 249.178433 	 0.430612
3	 -0.000356	 1.534028 	-19.154077 	3.612380 	-80.036639 	0.000000 	0.000000 	71.562608	 82.296672 	 0.282987
4	 -0.003401	 1.576991 	-0.029554 	3.616036 	-0.002504 	0.000000 	0.000000 	90.075608	 0.029660 	 0.010987

Algorithm restart at iteration no. 4
1	 -0.005987	 1.595606 	-0.113759 	3.619774 	-0.022839 	0.000000 	0.000000 	1.319030	 0.116029 	 0.004813

Algorithm restart at iteration no. 1
1	 -28.889301	 0.100000 	-0.150941 	3.240178 	-0.038310 	0.000000 	-1.477330 	1.233004	 0.155727 	 0.390062

Algorithm restart at iteration no. 1
1	 12.509640	 1.529624 	221.717152 	2.802574 	-67.866980 	-0.537177 	-0.904206 	0.019972	 231.871565 	 0.461206
2	 0.000402	 1.535727 	-20.014837 	3.392574 	-65.376118 	0.000000 	0.000000 	73.543858	 68.371270 	 0.184799
3	 -0.000305	 1.467304 	0.031738 	3.399706 	-0.003293 	0.000000 	0.000000 	84.607188	 0.031908 	 0.018473
4	 0.000001	 1.503853 	0.028783 	3.399719 	0.002736 	0.000000 	0.000000 	5.969077	 0.028912 	 0.009870

Algorithm restart at iteration no. 4
The optimum value of x = ( 1.503853 	3.399719 	
0.000000 	0.000000 	)
#Total number of function evaluations: 137

