R value for present sequence is 2.000000, x0 is : 5.100000 	6.000000 	
#It	 F(x)	 x1 	F'(x1) 	x2 	F'(x2) 	g1 	g2 	Angle	||grad_f(x)||	||x(k)-x(k-1)||/||(x(k-1)||
1	 0.065638	 0.534335 	0.083978 	6.497561 	-0.009152 	0.000000 	-6.703476 	0.000000	 0.084475 	 0.583226
2	 0.455575	 0.408449 	-0.020408 	4.760501 	0.039296 	0.000000 	-1.169912 	92.037428	 0.044279 	 0.267140

Algorithm restart at iteration no. 2
1	 0.086418	 1.227769 	-16.645321 	4.775535 	-0.305428 	0.000000 	-0.373685 	0.182200	 16.648123 	 0.171507
2	 0.099252	 1.195417 	-0.002678 	3.746542 	-0.107093 	0.000000 	0.000000 	87.112936	 0.107127 	 0.208788
3	 10.156652	 0.225181 	0.392730 	7.805253 	-0.012439 	0.000000 	-15.254769 	15.238938	 0.392927 	 1.061138

Algorithm restart at iteration no. 3
1	 0.413906	 1.924234 	-103.054419 	8.210773 	-24.596395 	0.000000 	-16.806372 	0.055851	 105.949025 	 0.223702
2	 0.016165	 3.321082 	-0.097931 	2.392904 	0.415242 	-9.636685 	-0.261675 	89.886748	 0.426634 	 0.709480
3	 -0.024109	 1.729360 	0.046403 	1.813509 	0.011241 	-2.177175 	-4.051382 	83.465605	 0.047745 	 0.413816
4	 0.009925	 3.063882 	-0.026459 	3.164453 	0.092801 	-7.222922 	0.000000 	25.338398	 0.096500 	 0.757793
5	 0.000000	 1.499816 	0.004510 	4.170503 	-0.003899 	0.000000 	0.000000 	78.069159	 0.005962 	 0.422208
6	 0.080761	 4.836955 	0.000017 	4.165630 	0.000000 	-20.230506 	0.000000 	32.653424	 0.000017 	 0.752967
The optimum value of x = ( 4.836955 	4.165630 	
-20.230506 	0.000000 	)
#Total number of function evaluations: 113

R value for present sequence is 2.000000, x0 is : 3.100000 	8.000000 	
#It	 F(x)	 x1 	F'(x1) 	x2 	F'(x2) 	g1 	g2 	Angle	||grad_f(x)||	||x(k)-x(k-1)||/||(x(k-1)||
1	 0.035526	 3.738040 	-0.034582 	2.097850 	0.319901 	-12.875090 	-0.880135 	0.000000	 0.321765 	 0.691934
2	 0.035712	 2.223523 	0.035677 	1.863394 	0.001517 	-4.080662 	-3.341563 	87.334859	 0.035709 	 0.357533
3	 -0.006829	 1.742923 	0.020964 	1.912148 	-0.135714 	-2.125632 	-3.616201 	14.586570	 0.137323 	 0.166513
4	 0.025381	 2.227532 	0.025567 	1.932361 	0.239102 	-4.029536 	-3.047599 	8.177656	 0.240465 	 0.187466
5	 -82.265742	 0.100000 	0.006629 	2.289848 	-0.161896 	0.000000 	-3.824621 	11.921820	 0.162032 	 0.731584

Algorithm restart at iteration no. 5
1	 0.014161	 1.786312 	368.432302 	3.067309 	169.862840 	-1.123603 	-0.083600 	0.002663	 405.704012 	 0.810157
2	 0.008378	 1.084422 	-0.087005 	4.573442 	0.186451 	0.000000 	-0.244413 	90.198540	 0.205752 	 0.468130
3	 0.001821	 0.955724 	0.239777 	4.062909 	0.101187 	0.000000 	-0.048233 	39.119417	 0.260253 	 0.112016
4	 -0.003131	 2.305792 	-0.127378 	2.398029 	0.026272 	-3.918646 	-1.260519 	53.166167	 0.130059 	 0.513555
5	 0.202373	 3.069276 	0.075618 	7.713470 	0.060713 	-2.706984 	-11.720583 	47.193731	 0.096975 	 1.614189

Algorithm restart at iteration no. 5
1	 0.010317	 3.205778 	-0.018173 	5.808714 	0.253587 	-5.468298 	-1.065669 	2.674040	 0.254238 	 0.230030
2	 0.006052	 1.381344 	0.022284 	5.505796 	0.001717 	0.000000 	-1.886079 	84.637920	 0.022350 	 0.278752
3	 0.427139	 0.712567 	-0.025089 	5.268697 	0.123207 	0.000000 	-1.897026 	10.089641	 0.125736 	 0.125001

Algorithm restart at iteration no. 3
1	 -0.006752	 0.943534 	0.039009 	2.868859 	-0.405323 	0.000000 	-1.335945 	3.046185	 0.407196 	 0.453466
2	 0.045269	 2.193563 	0.508265 	1.577439 	0.048877 	-4.234279 	-4.675240 	38.554033	 0.510610 	 0.595130
3	 0.047753	 2.246405 	0.044993 	1.612724 	0.045137 	-4.433612 	-4.452680 	79.634132	 0.063731 	 0.023517
4	 -0.000149	 2.395959 	-0.024250 	3.184080 	0.040970 	-3.556540 	0.000000 	50.809694	 0.047609 	 0.570796
5	 0.003494	 2.581243 	0.075964 	3.487954 	-0.008029 	-4.174860 	0.000000 	25.925018	 0.076387 	 0.089315
6	 0.022356	 3.578836 	0.010912 	3.214708 	-0.008905 	-10.593360 	0.000000 	73.916002	 0.014084 	 0.238371

Algorithm restart at iteration no. 6
1	 -0.012208	 2.236290 	0.041483 	3.335198 	-0.003723 	-2.665796 	0.000000 	2.510877	 0.041650 	 0.280199
2	 0.057555	 4.583142 	0.004674 	4.854648 	0.053079 	-17.150544 	0.000000 	38.033813	 0.053285 	 0.696243
3	 0.038276	 4.180690 	0.058102 	4.715257 	-0.006147 	-13.762909 	0.000000 	13.811422	 0.058426 	 0.063794
4	 -0.157517	 0.680164 	0.053894 	3.948449 	-0.004026 	0.000000 	-0.322494 	6.745252	 0.054044 	 0.568658

Algorithm restart at iteration no. 4
1	 -0.807672	 0.377052 	-0.660527 	5.364878 	3.086616 	0.000000 	-2.485839 	0.290392	 3.156500 	 0.361528
2	 -16.691385	 0.161882 	22.466928 	8.256154 	4.805941 	0.000000 	-18.952967 	7.819677	 22.975202 	 0.539087

Algorithm restart at iteration no. 2
1	 0.466231	 3.718343 	120.539567 	8.520746 	8.967830 	-6.305331 	-17.718798 	1.481403	 120.872698 	 0.431872
2	 0.021442	 3.907195 	-0.034006 	5.850458 	0.456284 	-10.415714 	-0.517001 	89.754472	 0.457549 	 0.287946
3	 0.001342	 2.850390 	0.036989 	5.690599 	0.002566 	-3.434122 	-1.007735 	85.409308	 0.037078 	 0.151926

Algorithm restart at iteration no. 3
1	 0.010200	 3.392171 	0.041906 	5.730824 	0.003111 	-6.775997 	-0.603580 	2.037338	 0.042022 	 0.085359
2	 0.020012	 3.343331 	-0.000286 	2.705347 	0.003820 	-9.472518 	0.000000 	84.794873	 0.003831 	 0.454368
3	 0.006034	 2.091174 	-0.008607 	5.661093 	0.000156 	0.000000 	-1.668057 	23.874438	 0.008609 	 0.746384

Algorithm restart at iteration no. 3
1	 0.010414	 2.925853 	0.048957 	6.060561 	0.023430 	-3.500056 	-2.320059 	3.658542	 0.054275 	 0.153330
2	 0.000084	 2.401339 	-0.004591 	4.103864 	0.028781 	-2.662566 	0.000000 	49.398909	 0.029145 	 0.301014
3	 0.007960	 3.291262 	0.041789 	5.054427 	-0.011354 	-6.777982 	0.000000 	28.095634	 0.043304 	 0.273855
4	 0.001051	 2.475807 	0.023988 	4.839584 	-0.020302 	-2.290038 	0.000000 	32.114241	 0.031426 	 0.139812
5	 0.007434	 3.175320 	0.001439 	4.428807 	-0.000995 	-6.653849 	0.000000 	45.164656	 0.001750 	 0.149226
6	 0.020256	 0.870123 	0.006234 	5.476132 	0.014362 	0.000000 	-2.308843 	5.986671	 0.015656 	 0.464623

Algorithm restart at iteration no. 6
1	 0.130879	 0.413174 	-0.273797 	4.551155 	-0.554231 	0.000000 	-0.890599 	0.152401	 0.618172 	 0.186063
2	 0.097894	 2.002492 	-5.010438 	7.031230 	2.334698 	0.000000 	-8.185861 	6.360697	 5.527685 	 0.644575
3	 0.038124	 3.831942 	-0.023942 	2.119956 	0.145000 	-13.563826 	-0.702625 	126.865402	 0.146963 	 0.716875
4	 0.006530	 1.043611 	0.022902 	2.315071 	-0.004432 	0.000000 	-2.795376 	114.387113	 0.023326 	 0.638269

Algorithm restart at iteration no. 4
1	 0.012663	 3.149417 	-0.317142 	2.398406 	-0.012551 	-8.520423 	-0.415687 	0.531589	 0.317390 	 0.829895
2	 0.006682	 2.252588 	-0.002849 	4.909939 	0.008735 	-1.164215 	0.000000 	72.586182	 0.009188 	 0.673671

Algorithm restart at iteration no. 2
1	 0.031264	 1.838911 	-0.010040 	2.164975 	-0.066622 	-2.216619 	-2.528406 	4.151247	 0.067374 	 0.513876
2	 -0.014154	 2.253225 	-0.293238 	3.223879 	0.043759 	-2.853144 	0.000000 	12.793383	 0.296485 	 0.400301
3	 -0.018485	 0.891955 	0.036599 	4.943416 	-0.013811 	0.000000 	-0.998079 	59.711587	 0.039118 	 0.557590

Algorithm restart at iteration no. 3
1	 -0.194333	 0.800462 	0.535784 	4.881965 	0.359857 	0.000000 	-0.977400 	2.974326	 0.645416 	 0.021941

Algorithm restart at iteration no. 1
1	 0.005514	 1.613130 	1.984457 	5.461921 	1.416197 	0.000000 	-1.524084 	0.340246	 2.437968 	 0.201811
2	 0.927214	 0.338991 	0.037363 	6.936303 	-0.045393 	0.000000 	-9.282886 	84.646179	 0.058792 	 0.342159

Algorithm restart at iteration no. 2
1	 0.197559	 0.955502 	-16.702751 	7.396363 	-12.464116 	0.000000 	-11.579780 	0.160873	 20.840731 	 0.110769
2	 0.012232	 2.179683 	-0.149465 	5.678913 	0.215370 	-0.072103 	-1.639067 	91.213852	 0.262153 	 0.282802
3	 0.029834	 2.886092 	0.055876 	6.508356 	0.039086 	-2.821170 	-4.405756 	75.870312	 0.068190 	 0.179108
4	 -0.029483	 1.798979 	-0.004542 	2.696120 	0.055835 	-1.540204 	-0.901125 	24.493843	 0.056019 	 0.556805
5	 0.101363	 1.334327 	0.247928 	1.611039 	-0.067953 	-1.169390 	-5.372808 	7.262310	 0.257072 	 0.364180

Algorithm restart at iteration no. 5
1	 0.193819	 1.214668 	-0.822764 	1.660878 	0.342689 	-0.814540 	-5.256824 	2.088899	 0.891278 	 0.061966
2	 -0.114892	 1.264857 	0.196684 	1.269314 	0.473038 	-1.330550 	-7.191789 	60.059481	 0.512298 	 0.191853
3	 0.032850	 1.646070 	0.856560 	2.322345 	0.110174 	-1.387200 	-2.168457 	27.194193	 0.863616 	 0.624973
4	 -0.122149	 1.237388 	0.308480 	2.173023 	-0.108074 	-0.358105 	-3.100459 	50.007820	 0.326864 	 0.152854
5	 0.019241	 2.933077 	0.165572 	1.935683 	-0.437066 	-7.667257 	-2.328328 	28.027514	 0.467377 	 0.684715
6	 0.016895	 2.872211 	0.019891 	2.005091 	-0.028002 	-7.244508 	-2.107451 	40.767635	 0.034348 	 0.026269

Algorithm restart at iteration no. 6
1	 0.001202	 2.019107 	0.007856 	2.832733 	-0.007621 	-2.244062 	-0.343406 	3.409175	 0.010945 	 0.339324
2	 0.019524	 2.228544 	0.008793 	2.703287 	-0.003385 	-3.263120 	-0.452920 	12.408324	 0.009422 	 0.070777
3	 28.635369	 0.100000 	0.019813 	3.585424 	0.023567 	0.000000 	-1.071873 	9.204353	 0.030789 	 0.657665

Algorithm restart at iteration no. 3
1	 0.009274	 0.485168 	-123.999597 	2.689068 	288.569717 	0.000000 	-2.233374 	0.000633	 314.083399 	 0.271998
2	 66.040675	 0.100000 	-0.426583 	2.677995 	-0.012803 	0.000000 	-2.647697 	68.365814	 0.426775 	 0.141017

Algorithm restart at iteration no. 2
1	 0.042451	 2.095688 	-291.800933 	1.484707 	174.477487 	-3.907203 	-5.231012 	0.038593	 339.985555 	 0.867669
2	 0.008515	 2.919243 	-0.022061 	3.093074 	-0.043099 	-6.428908 	0.000000 	93.724433	 0.048418 	 0.703556
3	 0.003482	 2.933178 	0.000022 	5.576279 	0.001252 	-4.027253 	-0.551477 	153.145416	 0.001253 	 0.583863
4	 0.000976	 2.851686 	0.013937 	4.717330 	0.001857 	-4.414784 	0.000000 	5.096081	 0.014060 	 0.136939

Algorithm restart at iteration no. 4
1	 0.075918	 4.820787 	0.053708 	4.539249 	-0.004857 	-19.700735 	0.000000 	1.339257	 0.053927 	 0.358678

Algorithm restart at iteration no. 1
1	 0.004615	 2.262551 	0.076240 	4.938373 	-0.011895 	-1.180764 	0.000000 	1.521316	 0.077163 	 0.391024
2	 0.093238	 1.128222 	-0.011205 	6.633169 	-0.070451 	0.000000 	-6.805356 	47.318993	 0.071337 	 0.375436
3	 0.021121	 1.342165 	0.369341 	6.383237 	0.241667 	0.000000 	-5.337651 	6.766539	 0.441380 	 0.048896
4	 0.010780	 2.183291 	0.287528 	5.642207 	0.224656 	-0.124554 	-1.513554 	8.053119	 0.364887 	 0.171857
5	 0.011773	 2.228373 	0.046128 	5.638346 	0.049998 	-0.327301 	-1.455803 	36.469058	 0.068026 	 0.007479
6	 0.004978	 2.532253 	0.004946 	5.815116 	0.057368 	-1.597191 	-1.762393 	35.069129	 0.057580 	 0.057986
7	 -0.001242	 2.126218 	-0.007243 	2.346536 	0.018245 	-3.174265 	-1.607724 	53.114866	 0.019630 	 0.550609
8	 0.002223	 2.084563 	-0.116450 	4.728260 	0.015670 	-0.617143 	0.000000 	7.675588	 0.117500 	 0.752266
9	 0.012591	 2.310276 	0.065701 	5.751607 	0.001134 	-0.585767 	-1.757853 	13.434743	 0.065711 	 0.202800
10	 -0.011791	 2.274834 	-0.076596 	4.243409 	0.015529 	-1.931461 	0.000000 	11.087559	 0.078154 	 0.243393
11	 0.000625	 1.934703 	0.060420 	3.000988 	-0.001252 	-1.742088 	-0.063322 	13.958641	 0.060433 	 0.267542

Algorithm restart at iteration no. 11
1	 -0.005859	 1.889976 	0.001376 	2.684891 	0.009728 	-1.887117 	-0.839535 	4.334908	 0.009825 	 0.089410

Algorithm restart at iteration no. 1
1	 28.134001	 0.100000 	0.188627 	2.929969 	-0.025826 	0.000000 	-2.044967 	2.952113	 0.190387 	 0.550247

Algorithm restart at iteration no. 1
1	 0.003099	 0.926914 	-123.463123 	5.556547 	-392.163477 	0.000000 	-2.495925 	0.026146	 411.139071 	 0.939283
2	 0.052494	 4.454990 	0.243333 	4.483677 	-0.073832 	-16.363259 	0.000000 	90.524655	 0.254288 	 0.654604
3	 -0.000199	 1.537363 	0.057322 	4.904305 	-0.006263 	0.000000 	-0.280405 	8.707059	 0.057663 	 0.466377
4	 0.016458	 1.279913 	-0.024458 	4.962834 	0.004480 	0.000000 	-0.647137 	175.325139	 0.024865 	 0.051369
5	 0.005657	 3.022842 	-0.099400 	4.773673 	-0.442287 	-5.363902 	0.000000 	6.611207	 0.453320 	 0.342066
6	 0.001471	 1.028750 	0.014637 	5.091529 	-0.002121 	0.000000 	-1.162685 	177.066156	 0.014790 	 0.357375

Algorithm restart at iteration no. 6
1	 -0.040354	 1.224484 	-0.053107 	5.081396 	0.002749 	0.000000 	-0.944933 	3.832985	 0.053178 	 0.037732
2	 -0.009673	 2.238100 	-0.018632 	5.150941 	-0.440255 	-0.858150 	-0.086566 	6.885903	 0.440649 	 0.194381
3	 0.000307	 0.996259 	0.002928 	3.326789 	-0.041544 	0.000000 	-0.456954 	51.808028	 0.041647 	 0.392927
4	 0.012373	 3.434224 	-0.003107 	4.887227 	-0.001805 	-7.906665 	0.000000 	23.122982	 0.003593 	 0.833512
5	 -0.082586	 0.853407 	0.016068 	2.560874 	-0.003987 	0.000000 	-2.217678 	9.406181	 0.016555 	 0.581693

Algorithm restart at iteration no. 5
1	 0.008611	 0.989555 	1.627274 	2.446320 	-1.369177 	0.000000 	-2.424368 	0.099469	 2.126657 	 0.065916
2	 0.001216	 2.566512 	-0.014504 	4.957038 	-0.022467 	-2.629944 	0.000000 	82.022487	 0.026742 	 1.123535
3	 0.002253	 2.664125 	-0.000356 	4.507437 	0.002324 	-3.590126 	0.000000 	135.563489	 0.002351 	 0.082421

Algorithm restart at iteration no. 3
1	 -0.000791	 2.640908 	0.004803 	4.657019 	-0.030944 	-3.317376 	0.000000 	0.298801	 0.031314 	 0.028911
2	 0.007542	 1.469491 	-0.034227 	2.329035 	-0.012841 	-0.830370 	-2.322634 	35.519405	 0.036556 	 0.486783
3	 0.206621	 1.659747 	0.042318 	7.567682 	-0.021241 	0.000000 	-12.068607 	24.621203	 0.047350 	 1.903539

Algorithm restart at iteration no. 3
1	 0.012308	 3.360082 	-0.096790 	4.565248 	0.170911 	-7.724899 	0.000000 	3.294065	 0.196415 	 0.445363
2	 0.007068	 2.298984 	0.010066 	3.910880 	0.005426 	-2.374449 	0.000000 	87.826611	 0.011435 	 0.219926

Algorithm restart at iteration no. 2
1	 -0.008785	 0.429685 	-0.040923 	1.032454 	-0.063015 	-0.152175 	-9.376646 	4.314661	 0.075137 	 0.756554

Algorithm restart at iteration no. 1
1	 0.134671	 0.510844 	6.512246 	0.980284 	-4.186116 	-0.280678 	-9.607842 	0.555867	 7.741635 	 0.086275
2	 -0.020205	 1.809392 	-0.081900 	3.650676 	-0.159037 	-0.623225 	0.000000 	83.165894	 0.178887 	 2.686240
3	 -0.009816	 2.193279 	0.189976 	2.237400 	-0.086551 	-3.573075 	-1.913481 	41.112539	 0.208763 	 0.359430
4	 -0.050140	 1.286504 	-0.093220 	1.145021 	-0.025301 	-1.510071 	-7.864404 	54.870265	 0.096592 	 0.453125

Algorithm restart at iteration no. 4
1	 0.107946	 1.486784 	0.994765 	0.992662 	-0.756747 	-2.217864 	-8.557299 	3.622485	 1.249889 	 0.146114
2	 0.026154	 1.697957 	-0.023056 	5.256217 	-0.151639 	0.000000 	-0.880126 	55.551878	 0.153382 	 2.387851
3	 0.027870	 1.727851 	0.107399 	5.231501 	-0.005380 	0.000000 	-0.788744 	53.230566	 0.107534 	 0.007022
4	 0.001042	 1.538755 	0.015959 	5.102877 	0.019320 	0.000000 	-0.677583 	73.777542	 0.025059 	 0.041509
5	 -0.004019	 2.191131 	0.024997 	5.415949 	0.007326 	-0.385107 	-0.813782 	8.584111	 0.026048 	 0.135766
6	 -0.000535	 0.953002 	-0.030257 	4.519595 	0.063022 	0.000000 	-0.316976 	10.262746	 0.069909 	 0.261628
7	 -0.020863	 1.712779 	0.043970 	4.863864 	-0.030561 	0.000000 	-0.033482 	11.522165	 0.053547 	 0.180589

Algorithm restart at iteration no. 7
1	 0.015169	 2.892374 	-0.052307 	2.153818 	0.120171 	-7.212011 	-1.516013 	4.935001	 0.131061 	 0.573173
2	 0.017255	 2.670638 	-0.028546 	2.113188 	-0.012582 	-6.019121 	-1.889420 	76.830600	 0.031196 	 0.062511

Algorithm restart at iteration no. 2
1	 0.016688	 1.972401 	0.050381 	1.955210 	0.011399 	-2.935157 	-3.208764 	3.367388	 0.051654 	 0.210210
2	 0.015127	 1.917818 	-0.000026 	2.017930 	-0.038537 	-2.660096 	-3.010781 	61.692063	 0.038537 	 0.029938
3	 0.013430	 1.942375 	-0.022373 	2.067518 	-0.009670 	-2.705301 	-2.792114 	67.350026	 0.024374 	 0.019877
4	 0.158191	 1.089050 	-0.035724 	0.918309 	-0.024432 	-1.267720 	-9.407771 	10.245649	 0.043280 	 0.504575

Algorithm restart at iteration no. 4
1	 1.323902	 0.699058 	0.735784 	1.185734 	-0.504543 	-0.302947 	-8.221033 	1.010496	 0.892156 	 0.331948
2	 0.066390	 1.740443 	1.681192 	0.850884 	2.477769 	-3.178256 	-9.176488 	16.607720	 2.994286 	 0.794715
3	 0.016821	 3.652308 	0.039598 	4.715628 	0.124534 	-9.623727 	0.000000 	81.470728	 0.130678 	 2.225663
4	 -0.374682	 0.716470 	0.011396 	5.761618 	-0.005354 	0.000000 	-3.386827 	83.255285	 0.012591 	 0.522517

Algorithm restart at iteration no. 4
1	 -0.050230	 0.431689 	0.124985 	5.052332 	0.311292 	0.000000 	-1.675713 	2.129703	 0.335446 	 0.131643
2	 -14.324303	 0.100000 	2.628039 	4.446304 	-0.940396 	0.000000 	-1.099187 	6.814226	 2.791224 	 0.136244

Algorithm restart at iteration no. 2
1	 0.971522	 0.368798 	61.298892 	5.627635 	269.400526 	0.000000 	-3.280399 	0.018777	 276.286441 	 0.272411
2	 0.000914	 2.409319 	-24.646875 	4.970522 	5.520656 	-1.834294 	0.000000 	84.934315	 25.257594 	 0.380111
3	 0.010971	 2.282724 	-0.004459 	4.689617 	-0.009905 	-1.521211 	0.000000 	83.557074	 0.010862 	 0.055781
4	 0.002490	 2.863988 	-0.055164 	5.535611 	0.023350 	-3.666816 	-0.494113 	10.228466	 0.059903 	 0.196798
5	 0.010418	 2.767170 	0.015748 	4.234441 	-0.009980 	-4.422787 	0.000000 	30.224484	 0.018644 	 0.209345
6	 -103.015672	 0.100000 	-0.012802 	1.104163 	0.000937 	0.000000 	-9.285872 	36.162819	 0.012836 	 0.812994

Algorithm restart at iteration no. 6
1	 0.232123	 0.484659 	504.288929 	0.528590 	-754.578218 	-0.706305 	-12.566031 	0.000460	 907.576780 	 0.624414
2	 0.105769	 1.691071 	-0.311020 	1.345912 	-0.210522 	-2.513811 	-6.353113 	89.602062	 0.375570 	 2.031944
3	 0.000815	 2.014422 	0.218216 	3.015623 	-0.313007 	-2.042273 	0.000000 	44.904975	 0.381565 	 0.786904
4	 0.000036	 1.505562 	0.002789 	3.191974 	-0.000933 	-0.074743 	-0.147343 	81.812786	 0.002941 	 0.148502
5	 0.007930	 0.895578 	0.001318 	3.481384 	-0.000718 	0.000000 	-0.373384 	6.265370	 0.001500 	 0.191305

Algorithm restart at iteration no. 5
1	 0.064080	 0.441510 	-0.218871 	2.547524 	-0.450142 	0.000000 	-2.668176 	0.113979	 0.500532 	 0.288867
2	 0.000948	 2.093330 	-3.028994 	4.943053 	1.030969 	-0.438977 	0.000000 	8.654167	 3.199641 	 1.125439
3	 0.000002	 1.995824 	0.024822 	5.015557 	-0.016203 	0.000000 	-0.035533 	87.918581	 0.029643 	 0.022636
4	 0.384529	 0.440362 	-0.000121 	7.759170 	0.000212 	0.000000 	-14.690998 	156.121742	 0.000244 	 0.584258
The optimum value of x = ( 0.440362 	7.759170 	
0.000000 	-14.690998 	)
#Total number of function evaluations: 1505

R value for present sequence is 20.000000, x0 is : 0.440362 	7.759170 	
#It	 F(x)	 x1 	F'(x1) 	x2 	F'(x2) 	g1 	g2 	Angle	||grad_f(x)||	||x(k)-x(k-1)||/||(x(k-1)||
1	 0.060417	 3.049087 	-4.239832 	5.799404 	3.185112 	-4.497526 	-1.188767 	0.000000	 5.302934 	 0.419839
2	 77.279624	 0.134863 	0.079232 	1.645464 	0.107112 	0.000000 	-6.408977 	88.101203	 0.133231 	 0.774445

Algorithm restart at iteration no. 2
1	 101.286192	 0.100000 	-472.853503 	1.669388 	324.480081 	0.000000 	-6.331754 	0.013298	 573.478647 	 0.025610

Algorithm restart at iteration no. 1
1	 0.546412	 0.413320 	-465.850769 	1.474410 	289.897164 	0.000000 	-6.965285 	1.310172	 548.686891 	 0.220663
2	 0.061065	 1.424100 	6.127662 	2.408796 	5.502211 	-0.619265 	-2.107831 	105.312850	 8.235446 	 0.898941
3	 0.008741	 0.493347 	0.125402 	3.482825 	-0.151864 	0.000000 	-0.774123 	91.801811	 0.196948 	 0.507888
4	 0.161648	 0.826218 	-0.016056 	4.109672 	-0.022519 	0.000000 	-0.185810 	68.853805	 0.027657 	 0.201771

Algorithm restart at iteration no. 4
1	 0.065707	 1.259189 	-2.208901 	3.879876 	1.172360 	0.000000 	0.000000 	0.607890	 2.500734 	 0.116934
2	 0.032615	 0.519351 	-0.244899 	2.991250 	-0.460636 	0.000000 	-1.498227 	78.145824	 0.521691 	 0.283469
3	 -0.000085	 1.533675 	-0.069822 	3.970693 	-0.064746 	0.000000 	0.000000 	6.220205	 0.095222 	 0.464434
4	 0.019074	 2.173506 	-0.007165 	3.760061 	0.003062 	-1.964068 	0.000000 	62.194214	 0.007792 	 0.158251

Algorithm restart at iteration no. 4
1	 -0.226319	 0.727678 	0.127309 	3.929421 	-0.014913 	0.000000 	-0.277303 	0.709267	 0.128179 	 0.335181

Algorithm restart at iteration no. 1
1	 -0.166487	 0.593003 	0.380925 	2.820650 	3.136138 	0.000000 	-1.797863 	2.322059	 3.159188 	 0.279493
2	 -0.506663	 0.662612 	-4.981618 	2.673573 	0.589310 	0.000000 	-2.096796 	32.239571	 5.016353 	 0.056454
3	 0.084094	 1.027589 	-3.867158 	2.439811 	-1.829788 	0.000000 	-2.406601 	32.021023	 4.278205 	 0.157352
4	 -0.000738	 2.278082 	-0.123625 	4.126929 	-0.210920 	-2.062730 	0.000000 	86.058431	 0.244480 	 0.793246
5	 0.236708	 1.130603 	0.081773 	6.074260 	-0.061227 	0.000000 	-4.171952 	67.027921	 0.102154 	 0.479486

Algorithm restart at iteration no. 5
1	 -0.009591	 2.232511 	-0.379800 	5.212473 	0.297036 	-0.771634 	-0.237579 	4.983074	 0.482160 	 0.226409
2	 0.015210	 2.058591 	0.000838 	5.444669 	-0.001117 	0.000000 	-1.028478 	164.796213	 0.001397 	 0.051162

Algorithm restart at iteration no. 2
1	 0.010274	 2.402719 	-0.041358 	4.685321 	0.091260 	-2.087738 	0.000000 	0.175036	 0.100195 	 0.143224
2	 0.000446	 2.013860 	-0.010190 	4.582538 	-0.003906 	-0.473095 	0.000000 	80.393896	 0.010913 	 0.076387
3	 0.008826	 2.246544 	0.008955 	3.992216 	-0.001778 	-2.054742 	0.000000 	96.667874	 0.009130 	 0.126765

Algorithm restart at iteration no. 3
1	 -0.005511	 2.168392 	0.035547 	4.205267 	-0.096904 	-1.496657 	0.000000 	0.228105	 0.103218 	 0.049539
2	 0.036753	 1.032022 	-0.063078 	2.745231 	-0.021571 	0.000000 	-1.542422 	58.015057	 0.066664 	 0.391035
3	 0.974361	 0.470401 	0.130794 	1.210732 	-0.113337 	-0.010545 	-8.309617 	17.784635	 0.173067 	 0.557161

Algorithm restart at iteration no. 3
1	 1.435437	 1.278778 	3.469647 	0.887401 	-1.387770 	-1.747872 	-9.409491 	0.810864	 3.736891 	 0.670290
2	 -0.685237	 0.712801 	-1.116428 	2.746050 	-2.785099 	0.000000 	-1.859590 	51.243220	 3.000532 	 1.248240
3	 0.070449	 2.887805 	-0.021778 	3.391679 	-0.006236 	-5.947739 	0.000000 	90.366615	 0.022653 	 0.799705
4	 0.060574	 1.033061 	0.108840 	2.567085 	-0.032119 	0.000000 	-2.020184 	7.433259	 0.113481 	 0.455667
5	 0.014785	 1.810330 	0.022026 	3.069759 	-0.156310 	-1.207534 	-0.055018 	8.918634	 0.157855 	 0.334513
6	 0.043757	 0.976272 	-0.097021 	2.687146 	0.146011 	0.000000 	-1.747314 	8.245493	 0.175306 	 0.257486
7	 -0.132983	 0.800552 	0.059972 	2.567622 	-0.135997 	0.000000 	-2.251156 	9.576879	 0.148634 	 0.074333

Algorithm restart at iteration no. 7
1	 0.034063	 0.514831 	2.063550 	2.976639 	-2.954025 	0.000000 	-1.532437 	0.393230	 3.603402 	 0.185509
2	 0.047695	 0.906705 	-0.092012 	3.343905 	-0.080601 	0.000000 	-0.523756 	81.760213	 0.122322 	 0.177790

Algorithm restart at iteration no. 2
1	 0.437162	 4.214643 	-1.416929 	3.851936 	-0.217611 	-14.911279 	0.000000 	2.568208	 1.433541 	 0.965962
2	 0.084450	 1.222035 	0.496817 	4.693891 	-0.064512 	0.000000 	-0.259450 	155.492517	 0.500988 	 0.544476
3	 0.033949	 1.719509 	0.047834 	5.593763 	0.182397 	0.000000 	-1.820572 	76.747775	 0.188565 	 0.211990
4	 -0.001674	 2.115828 	-0.077669 	5.073543 	0.039496 	-0.403184 	-0.036667 	66.209623	 0.087134 	 0.111753
5	 0.692739	 4.824702 	-0.033383 	5.481479 	-0.023601 	-18.796274 	0.000000 	61.238050	 0.040883 	 0.498343

Algorithm restart at iteration no. 5
1	 0.076519	 1.900614 	0.710546 	5.800290 	-0.077470 	0.000000 	-2.340429 	0.770905	 0.714756 	 0.402804
2	 0.030737	 0.520108 	0.030225 	3.022110 	0.254236 	0.000000 	-1.436161 	69.771001	 0.256026 	 0.508257
3	 0.524991	 2.879335 	0.043254 	1.335382 	-0.056494 	-7.955186 	-5.220853 	99.099710	 0.071151 	 0.945748

Algorithm restart at iteration no. 3
1	 0.043702	 3.030095 	-0.031088 	5.481565 	-0.854984 	-4.699910 	-0.164940 	4.151955	 0.855549 	 1.307189
2	 0.018594	 2.598104 	0.106565 	5.551747 	-0.003951 	-2.198399 	-0.809814 	82.821359	 0.106638 	 0.069876
3	 0.002327	 2.120058 	0.009587 	4.940228 	0.056633 	-0.554416 	0.000000 	61.187063	 0.057438 	 0.126631
4	 -0.018403	 1.725925 	0.040765 	4.885835 	-0.030949 	0.000000 	-0.058778 	44.108579	 0.051182 	 0.074009
5	 0.000020	 2.033698 	-0.018340 	5.008870 	0.142168 	-0.127058 	0.000000 	13.926303	 0.143346 	 0.063966
6	 0.203685	 1.260077 	0.001061 	6.021481 	-0.001551 	0.000000 	-3.826309 	74.380264	 0.001879 	 0.235722

Algorithm restart at iteration no. 6
1	 1.895692	 5.853064 	-0.073294 	4.165117 	0.029624 	-31.093246 	0.000000 	0.698404	 0.079054 	 0.805270

Algorithm restart at iteration no. 1
1	 0.047487	 2.880004 	1.423999 	4.418114 	-0.121177 	-4.876309 	0.000000 	0.985852	 1.429146 	 0.415354
2	 0.759410	 4.748020 	0.091450 	3.851598 	-0.029136 	-19.692097 	0.000000 	12.002272	 0.095979 	 0.370130

Algorithm restart at iteration no. 2
1	 0.026385	 1.730540 	0.733890 	4.151719 	-0.072993 	0.000000 	0.000000 	1.212109	 0.737511 	 0.495988
2	 0.060257	 1.364148 	0.008707 	2.575223 	0.110696 	-0.285677 	-1.665843 	82.563000	 0.111038 	 0.359834
3	 -0.047659	 1.347389 	-0.417441 	3.257539 	0.091817 	0.000000 	-0.203860 	14.485004	 0.427420 	 0.234204
4	 0.014359	 1.395827 	0.755322 	3.672978 	0.018524 	0.000000 	0.000000 	8.054285	 0.755550 	 0.118647
5	 0.089183	 1.234574 	-0.389118 	4.751642 	0.043543 	0.000000 	-0.330391 	15.146790	 0.391546 	 0.277571
6	 0.089426	 1.228358 	-0.081728 	4.755280 	-0.012415 	0.000000 	-0.342091 	51.134203	 0.082666 	 0.001467
7	 0.005515	 0.496500 	-0.017787 	4.334098 	-0.024499 	0.000000 	-0.615122 	60.238886	 0.030275 	 0.171928
8	 -0.000839	 1.578890 	-0.005744 	3.523053 	0.012061 	0.000000 	0.000000 	66.738014	 0.013359 	 0.310042
9	 1.184700	 5.074599 	-0.027220 	2.168979 	-0.033860 	-24.582580 	0.000000 	15.664217	 0.043445 	 0.971022

Algorithm restart at iteration no. 9
1	 0.038290	 2.190505 	0.975060 	2.455000 	-0.096699 	-3.343312 	-1.196520 	0.185669	 0.979843 	 0.525168
2	 0.015552	 2.441969 	-0.003370 	4.118784 	-0.019597 	-2.844426 	0.000000 	92.893612	 0.019885 	 0.511424
3	 0.011007	 2.369832 	0.070521 	4.726767 	-0.013172 	-1.889336 	0.000000 	15.354890	 0.071741 	 0.127864
4	 0.120088	 1.566168 	-0.042205 	2.171416 	-0.004576 	-1.281467 	-2.777551 	24.215189	 0.042452 	 0.506612

Algorithm restart at iteration no. 4
1	 -0.003145	 0.943957 	0.101377 	3.945439 	-0.289043 	0.000000 	-0.059020 	1.864842	 0.306305 	 0.702190
2	 0.003701	 0.498414 	0.174358 	4.041865 	0.058581 	0.000000 	-0.503338 	58.437078	 0.183936 	 0.112369
3	 -0.000005	 1.511592 	-0.013897 	3.965037 	0.001224 	0.000000 	0.000000 	172.055284	 0.013951 	 0.249501

Algorithm restart at iteration no. 3
1	 0.064955	 2.927298 	-0.001205 	3.792470 	0.000147 	-5.776603 	0.000000 	2.420337	 0.001214 	 0.336095

Algorithm restart at iteration no. 1
1	 -44.976569	 0.100000 	0.151457 	4.198429 	-0.021747 	0.000000 	-0.939374 	0.009761	 0.153011 	 0.596202

Algorithm restart at iteration no. 1
1	 0.006083	 2.053011 	193.055798 	3.377246 	-81.174159 	-1.837606 	0.000000 	0.010564	 209.427279 	 0.504481
2	 0.037036	 2.369964 	0.001665 	2.697311 	-0.003572 	-3.919421 	-0.327035 	42.185035	 0.003941 	 0.189809

Algorithm restart at iteration no. 2
1	 -15.606235	 0.100000 	-0.040477 	1.014458 	-0.030008 	0.000000 	-9.813463 	4.313257	 0.050387 	 0.786985

Algorithm restart at iteration no. 1
1	 -382.656187	 0.160696 	84.037184 	0.199747 	-1128.011622 	-0.826076 	-15.281226 	0.002157	 1131.137687 	 0.801441
2	 -422.728933	 0.134875 	3706.618953 	0.266362 	276.286109 	-0.751829 	-14.805174 	16.919573	 3716.901678 	 0.278685
3	 -265.937164	 0.195705 	3447.641731 	0.187088 	1336.342755 	-0.851213 	-15.342596 	16.306310	 3697.572916 	 0.334681
4	 -175.133186	 0.227948 	3032.014213 	0.160177 	-5.278496 	-0.891783 	-15.516289 	12.646717	 3032.018807 	 0.155119
5	 -596.959870	 0.100000 	2343.263781 	0.237655 	-253.454149 	-0.772345 	-15.055238 	8.648119	 2356.931088 	 0.536894
6	 -596.959870	 0.100000 	4213.908885 	0.237655 	1483.465819 	-0.772345 	-15.055238 	5.786218	 4467.404048 	 0.000000
The optimum value of x = ( 0.100000 	0.237655 	
-0.772345 	-15.055238 	)
#Total number of function evaluations: 834

R value for present sequence is 200.000000, x0 is : 0.100000 	0.237655 	
#It	 F(x)	 x1 	F'(x1) 	x2 	F'(x2) 	g1 	g2 	Angle	||grad_f(x)||	||x(k)-x(k-1)||/||(x(k-1)||
1	 5.313974	 3.562225 	4209.955326 	1.433121 	1453.648234 	-12.256329 	-4.026642 	0.000000	 4453.854178 	 14.205883
2	 0.600885	 2.838499 	2.252052 	3.518602 	-6.522091 	-5.538476 	0.000000 	89.874671	 6.899957 	 0.574912
3	 0.000000	 1.494923 	1.239740 	3.989969 	-0.243020 	0.000000 	0.000000 	51.508490	 1.263334 	 0.314958
4	 -0.000168	 0.977929 	-0.000044 	3.900173 	-0.000008 	0.000000 	-0.032036 	150.753497	 0.000045 	 0.123153
The optimum value of x = ( 0.977929 	3.900173 	
0.000000 	-0.032036 	)
#Total number of function evaluations: 37

R value for present sequence is 2000.000000, x0 is : 0.977929 	3.900173 	
#It	 F(x)	 x1 	F'(x1) 	x2 	F'(x2) 	g1 	g2 	Angle	||grad_f(x)||	||x(k)-x(k-1)||/||(x(k-1)||
1	 0.021947	 1.816740 	-0.048824 	4.171822 	-0.015812 	-0.128720 	0.000000 	0.000000	 0.051321 	 0.219279
2	 0.021937	 1.817662 	-0.009724 	4.171326 	0.007692 	-0.132568 	0.000000 	46.219951	 0.012399 	 0.000230
The optimum value of x = ( 1.817662 	4.171326 	
-0.132568 	0.000000 	)
#Total number of function evaluations: 18

