R value for present sequence is 2.000000, x0 is : 4.100000 	7.000000 	
#It	 F(x)	 x1 	F'(x1) 	x2 	F'(x2) 	g1 	g2 	Angle	||grad_f(x)||	||x(k)-x(k-1)||/||(x(k-1)||
1	 0.018884	 3.586455 	0.017399 	4.123533 	0.097454 	-9.739127 	0.000000 	0.000000	 0.098995 	 0.360186
2	 -0.021379	 1.751867 	0.035910 	3.604401 	-0.002054 	-0.464638 	0.000000 	64.051790	 0.035968 	 0.348879
3	 0.039380	 1.240031 	0.047847 	3.557549 	-0.167861 	0.000000 	0.000000 	10.565549	 0.174547 	 0.128251

Algorithm restart at iteration no. 3
1	 0.084953	 1.314652 	-0.059238 	2.765359 	0.628871 	0.000000 	-1.209686 	2.900979	 0.631655 	 0.211202
2	 0.274093	 0.816809 	-0.890689 	3.346401 	-0.083093 	0.000000 	-0.610383 	35.194995	 0.894556 	 0.249891
3	 -0.024648	 1.133141 	-3.387036 	3.060282 	-1.280478 	0.000000 	-0.749928 	7.277749	 3.620999 	 0.123825
4	 0.074059	 4.634180 	-0.359686 	3.073416 	-0.391422 	-19.402210 	0.000000 	42.326866	 0.531588 	 1.072849
5	 0.000603	 2.010003 	0.074468 	3.276512 	-0.004502 	-1.763601 	0.000000 	175.288989	 0.074604 	 0.473325
6	 0.012882	 3.088793 	0.000798 	2.366524 	-0.000682 	-8.174118 	-0.579450 	35.708605	 0.001050 	 0.367161
7	 0.003222	 2.483654 	-0.002120 	3.110745 	-0.004555 	-4.057790 	0.000000 	10.731983	 0.005024 	 0.246507

Algorithm restart at iteration no. 7
1	 -0.012113	 2.230312 	0.009228 	3.155762 	-0.001640 	-2.818531 	0.000000 	3.586674	 0.009373 	 0.064641
2	 0.005222	 2.667526 	-0.004720 	3.001202 	-0.055375 	-5.114492 	0.000000 	9.389375	 0.055576 	 0.120002
3	 -59.511285	 0.100000 	0.011566 	3.273690 	0.036712 	0.000000 	-1.427527 	13.405719	 0.038490 	 0.643021

Algorithm restart at iteration no. 3
1	 -0.034370	 1.732111 	259.210881 	3.757896 	76.901358 	-0.242312 	0.000000 	0.000727	 270.377698 	 0.519789
2	 -0.010630	 1.381949 	-0.004168 	5.351018 	0.018958 	0.000000 	-1.443300 	85.837427	 0.019410 	 0.394200

Algorithm restart at iteration no. 2
1	 0.400276	 0.718844 	0.310875 	5.183522 	0.078525 	0.000000 	-1.681880 	3.454720	 0.320639 	 0.123753
2	 0.020978	 1.323387 	-0.258026 	5.550714 	1.010774 	0.000000 	-2.081328 	17.091120	 1.043189 	 0.135162
3	 0.000038	 0.996926 	-0.179817 	4.395127 	0.283230 	0.000000 	-0.159200 	42.933378	 0.335489 	 0.210437
4	 0.015769	 3.289980 	-0.001096 	3.622889 	0.000363 	-8.201082 	0.000000 	87.128164	 0.001155 	 0.536880

Algorithm restart at iteration no. 4
1	 0.005949	 2.859893 	0.005501 	2.623740 	0.012779 	-6.555246 	-0.034198 	4.758503	 0.013912 	 0.222278
2	 0.005422	 2.830968 	0.056822 	2.584042 	-0.018007 	-6.430336 	-0.173970 	12.782926	 0.059607 	 0.012656
3	 0.009568	 2.646729 	0.046352 	2.425065 	-0.032432 	-5.580109 	-0.833693 	13.126518	 0.056571 	 0.063488
4	 0.020910	 3.494373 	0.040406 	2.883554 	-0.041029 	-10.327086 	0.000000 	12.376572	 0.057585 	 0.268460
5	 0.048415	 1.722636 	0.028268 	2.322584 	-0.004050 	-1.644891 	-2.091087 	10.835644	 0.028556 	 0.410202

Algorithm restart at iteration no. 5
1	 0.098490	 0.857790 	0.045957 	5.357291 	-0.161259 	0.000000 	-1.984449 	3.079884	 0.167680 	 1.091242
2	 0.396857	 0.692539 	-1.757530 	6.236794 	-0.478006 	0.000000 	-5.310711 	5.263284	 1.821373 	 0.164941
3	 0.004500	 2.095076 	0.911427 	2.556063 	0.168551 	-2.833281 	-0.989878 	10.213804	 0.926881 	 0.627700
4	 0.002999	 1.986687 	0.040271 	2.544476 	0.015278 	-2.402450 	-1.131863 	75.212342	 0.043072 	 0.032983
5	 0.041720	 2.301706 	0.001365 	1.752166 	-0.010651 	-4.545684 	-3.751051 	74.389400	 0.010738 	 0.264122

Algorithm restart at iteration no. 5
1	 0.032474	 3.698402 	-0.140061 	2.322737 	-0.057217 	-12.355442 	-0.114810 	3.907454	 0.151297 	 0.521563
2	 0.000537	 2.015979 	0.048541 	3.382863 	-0.014311 	-1.681309 	0.000000 	125.512966	 0.050607 	 0.455332
3	 -68.615706	 0.171929 	-0.000442 	1.112909 	-0.000532 	0.000000 	-9.163367 	96.834716	 0.000691 	 0.742656
The optimum value of x = ( 0.171929 	1.112909 	
0.000000 	-9.163367 	)
#Total number of function evaluations: 335

R value for present sequence is 20.000000, x0 is : 0.171929 	1.112909 	
#It	 F(x)	 x1 	F'(x1) 	x2 	F'(x2) 	g1 	g2 	Angle	||grad_f(x)||	||x(k)-x(k-1)||/||(x(k-1)||
1	 2.618957	 0.392876 	561.096830 	0.936318 	-448.453858 	-0.218033 	-9.993272 	0.000000	 718.289993 	 0.251171
2	 0.401967	 4.060000 	-37.512947 	3.163269 	-20.015349 	-14.320331 	0.000000 	110.053048	 42.518647 	 4.225270
3	 -0.000000	 1.502326 	0.451617 	3.500284 	-0.056498 	0.000000 	0.000000 	141.167547	 0.455137 	 0.501237
4	 0.318457	 0.741730 	-0.000004 	3.076613 	-0.000002 	0.000000 	-1.110914 	143.317054	 0.000005 	 0.228569
The optimum value of x = ( 0.741730 	3.076613 	
0.000000 	-1.110914 	)
#Total number of function evaluations: 38

R value for present sequence is 200.000000, x0 is : 0.741730 	3.076613 	
#It	 F(x)	 x1 	F'(x1) 	x2 	F'(x2) 	g1 	g2 	Angle	||grad_f(x)||	||x(k)-x(k-1)||/||(x(k-1)||
1	 1.449695	 0.353379 	-1.334320 	3.911763 	2.869462 	0.000000 	-0.654407 	0.000000	 3.164526 	 0.291026
2	 0.035105	 0.563510 	-32.196342 	3.548422 	-14.756564 	0.000000 	-0.640413 	5.101226	 35.416954 	 0.106864
3	 -0.030078	 1.725268 	-1.154160 	3.681763 	-0.644501 	-0.294787 	0.000000 	66.478704	 1.321918 	 0.325472
4	 0.029894	 1.743086 	0.009818 	2.966453 	-0.094757 	-1.071895 	-0.325134 	84.845217	 0.095264 	 0.175982
5	 0.028427	 1.676382 	0.061194 	2.999533 	0.009568 	-0.810723 	-0.324551 	62.169619	 0.061937 	 0.021640
6	 0.037911	 0.513999 	0.012868 	4.133158 	-0.015769 	0.000000 	-0.503732 	17.896686	 0.020353 	 0.472513
7	 0.037916	 0.513190 	0.025155 	4.133567 	0.043687 	0.000000 	-0.504650 	17.446497	 0.050412 	 0.000218
The optimum value of x = ( 0.513190 	4.133567 	
0.000000 	-0.504650 	)
#Total number of function evaluations: 63

R value for present sequence is 2000.000000, x0 is : 0.513190 	4.133567 	
#It	 F(x)	 x1 	F'(x1) 	x2 	F'(x2) 	g1 	g2 	Angle	||grad_f(x)||	||x(k)-x(k-1)||/||(x(k-1)||
1	 -0.029080	 1.694592 	-1.319755 	3.777590 	0.397665 	-0.094052 	0.000000 	0.000000	 1.378365 	 0.296225
2	 0.000001	 1.495331 	-0.022886 	3.817775 	0.004578 	0.000000 	0.000000 	5.364190	 0.023339 	 0.049096
3	 -0.015161	 1.630396 	-0.000643 	3.817589 	-0.000003 	0.000000 	0.000000 	11.318605	 0.000643 	 0.032941
The optimum value of x = ( 1.630396 	3.817589 	
0.000000 	0.000000 	)
#Total number of function evaluations: 27

R value for present sequence is 20000.000000, x0 is : 1.630396 	3.817589 	
#It	 F(x)	 x1 	F'(x1) 	x2 	F'(x2) 	g1 	g2 	Angle	||grad_f(x)||	||x(k)-x(k-1)||/||(x(k-1)||
1	 0.000302	 1.025855 	-0.234246 	3.938857 	0.046989 	0.000000 	0.000000 	0.000000	 0.238913 	 0.148533
2	 0.000264	 1.024685 	0.033308 	3.939019 	-0.004902 	0.000000 	0.000000 	176.471298	 0.033667 	 0.000290
The optimum value of x = ( 1.024685 	3.939019 	
0.000000 	0.000000 	)
#Total number of function evaluations: 19

