R value for present sequence is 2.000000, x0 is : 8.100000 	7.000000 	
#It	 F(x)	 x1 	F'(x1) 	x2 	F'(x2) 	g1 	g2 	Angle	||grad_f(x)||	||x(k)-x(k-1)||/||(x(k-1)||
1	 0.057115	 2.766694 	0.373098 	6.860454 	0.009762 	-1.794139 	-6.415506 	0.000000	 0.373226 	 0.498349
2	 0.022352	 1.653664 	-0.002796 	3.322141 	0.126667 	-0.412462 	0.000000 	71.010867	 0.126697 	 0.501430
3	 0.007598	 3.166703 	0.244166 	4.972413 	-0.074445 	-6.055597 	0.000000 	25.044097	 0.255263 	 0.603322
4	 0.001969	 2.582473 	0.018960 	5.311604 	-0.018239 	-2.357564 	-0.137832 	77.591354	 0.026308 	 0.114595
5	 0.029785	 0.500400 	0.031017 	6.003920 	-0.002242 	0.000000 	-4.515296 	11.741156	 0.031098 	 0.371506
6	 0.010858	 3.236294 	-0.013168 	5.823370 	0.052876 	-5.650227 	-1.088386 	14.611110	 0.054491 	 0.455098

Algorithm restart at iteration no. 6
1	 0.014131	 1.449407 	0.012409 	5.855706 	-0.000225 	0.000000 	-2.994238 	1.553647	 0.012411 	 0.268256

Algorithm restart at iteration no. 1
1	 0.001188	 2.485385 	-0.070974 	5.460303 	0.027089 	-1.716834 	-0.647101 	3.749248	 0.075968 	 0.183819
2	 0.054197	 1.400629 	0.001720 	1.556066 	0.004880 	-1.405696 	-5.572184 	84.603008	 0.005175 	 0.675430

Algorithm restart at iteration no. 2
1	 0.049494	 2.002686 	-0.258478 	1.416905 	0.059746 	-3.593845 	-5.669696 	1.112324	 0.265293 	 0.295154
2	 0.065513	 1.716599 	-0.011089 	0.831660 	-0.086990 	-3.115054 	-9.321782 	76.933193	 0.087694 	 0.265538
3	 0.259075	 1.306972 	-0.136475 	0.550500 	0.076450 	-2.157676 	-11.592075 	29.472476	 0.156429 	 0.260471

Algorithm restart at iteration no. 3
1	 0.198520	 1.378823 	-0.647595 	0.449484 	0.910473 	-2.451668 	-12.227344 	3.941467	 1.117292 	 0.087410
2	 0.378211	 0.924428 	0.444269 	0.000000 	0.161729 	-1.854567 	-16.075572 	80.702069	 0.472791 	 0.440720
3	 -0.025765	 1.809408 	-0.045626 	2.681607 	0.434869 	-1.592352 	-0.928753 	27.036580	 0.437256 	 3.054715
4	 0.008165	 2.947778 	0.257290 	3.308437 	-0.079518 	-6.380957 	0.000000 	42.879998	 0.269298 	 0.401717
5	 -0.000001	 1.495689 	0.004214 	4.282227 	-0.002982 	0.000000 	0.000000 	62.660004	 0.005162 	 0.394565
6	 0.004203	 2.600656 	0.000532 	4.225035 	0.000001 	-3.538379 	0.000000 	30.870993	 0.000532 	 0.243930
The optimum value of x = ( 2.600656 	4.225035 	
-3.538379 	0.000000 	)
#Total number of function evaluations: 191

