R value for present sequence is 2.000000, x0 is : 0.100000 	7.000000 	
#It	 F(x)	 x1 	F'(x1) 	x2 	F'(x2) 	g1 	g2 	Angle	||grad_f(x)||	||x(k)-x(k-1)||/||(x(k-1)||
1	 -39.832789	 0.132198 	2.099538 	4.244219 	-179.697990 	0.000000 	-0.927445 	0.000000	 179.710255 	 0.393670
2	 0.099671	 1.271145 	227.409652 	2.837163 	2.694316 	0.000000 	-1.081045 	38.303763	 227.425612 	 0.426315
3	 0.006761	 3.135981 	-0.511109 	4.357831 	-0.412831 	-6.476543 	0.000000 	89.757155	 0.657010 	 0.773986
4	 0.000771	 1.992484 	-0.006115 	5.310938 	0.005223 	0.000000 	-0.726074 	78.974767	 0.008042 	 0.277268
5	 0.001345	 2.498114 	-0.002663 	4.621458 	0.005559 	-2.619116 	0.000000 	13.928621	 0.006164 	 0.150732
6	 0.018320	 2.279055 	0.005126 	2.721018 	-0.001027 	-3.473076 	-0.356741 	42.812606	 0.005228 	 0.364148

Algorithm restart at iteration no. 6
1	 0.003961	 2.472233 	-0.075415 	2.694464 	0.010366 	-4.417474 	-0.232190 	3.950955	 0.076124 	 0.054938
2	 0.000318	 2.016689 	0.001516 	3.840722 	-0.003388 	-1.226311 	0.000000 	119.452324	 0.003711 	 0.337308
3	 0.064561	 4.201750 	0.005835 	1.702530 	-0.000579 	-16.952174 	-2.076616 	23.937680	 0.005864 	 0.704746

Algorithm restart at iteration no. 3
1	 0.029616	 0.863149 	0.058993 	3.468339 	-0.031202 	0.000000 	-0.419514 	0.629063	 0.066736 	 0.833076

Algorithm restart at iteration no. 1
1	 0.000000	 1.494390 	-0.588897 	4.504627 	-0.966774 	0.000000 	0.000000 	3.378390	 1.132012 	 0.339497
2	 -0.441568	 0.691715 	-0.000038 	4.708899 	0.000010 	0.000000 	-0.810823 	72.901636	 0.000040 	 0.174516
The optimum value of x = ( 0.691715 	4.708899 	
0.000000 	-0.810823 	)
#Total number of function evaluations: 122

R value for present sequence is 20.000000, x0 is : 0.691715 	4.708899 	
#It	 F(x)	 x1 	F'(x1) 	x2 	F'(x2) 	g1 	g2 	Angle	||grad_f(x)||	||x(k)-x(k-1)||/||(x(k-1)||
1	 -0.451896	 0.717854 	-1.206092 	4.721553 	-0.583889 	0.000000 	-0.802785 	0.000000	 1.339995 	 0.006102
2	 0.235332	 0.614106 	0.224308 	5.173458 	-0.369535 	0.000000 	-1.762897 	77.066371	 0.432285 	 0.097085
3	 0.156563	 1.793174 	3.083561 	2.028827 	0.691269 	-2.186646 	-3.092348 	7.620499	 3.160095 	 0.644635
4	 0.027979	 2.102356 	-0.114035 	2.624674 	-0.117036 	-2.795228 	-0.789164 	47.958640	 0.163406 	 0.247919
5	 0.016653	 1.075207 	0.105843 	5.214637 	-0.052951 	0.000000 	-1.400135 	49.037554	 0.118350 	 0.828523
6	 -0.003023	 1.431772 	-0.444794 	3.394091 	0.085306 	0.000000 	0.000000 	10.547005	 0.452900 	 0.348426
7	 -0.007646	 1.392661 	0.132913 	3.430590 	0.025272 	0.000000 	0.000000 	35.882824	 0.135294 	 0.014522
8	 0.038892	 1.738578 	0.199703 	3.258623 	0.107088 	-0.764032 	0.000000 	16.581096	 0.226604 	 0.104336
9	 -0.000573	 1.912332 	-0.014244 	4.966088 	-0.025379 	0.000000 	-0.020994 	69.349061	 0.029102 	 0.464688
10	 34.652178	 0.100000 	0.018373 	5.721047 	0.019199 	0.000000 	-3.862004 	73.166007	 0.026574 	 0.368931

Algorithm restart at iteration no. 10
1	 0.008534	 1.980484 	-145.800561 	5.320464 	31.058610 	0.000000 	-0.763142 	0.002923	 149.071932 	 0.336019
2	 0.015953	 2.248089 	-0.026426 	4.725527 	0.058805 	-1.328375 	0.000000 	53.734537	 0.064469 	 0.114909
3	 0.000065	 1.519014 	0.006447 	4.118740 	0.004212 	0.000000 	0.000000 	74.418795	 0.007701 	 0.181262
4	 0.030102	 2.807349 	0.009702 	4.681355 	0.000419 	-4.199853 	0.000000 	16.172244	 0.009711 	 0.320239

Algorithm restart at iteration no. 4
1	 -0.014346	 1.754821 	0.130370 	4.910872 	-0.028429 	0.000000 	-0.074866 	1.093906	 0.133434 	 0.197351
2	 -0.008771	 2.238752 	0.034094 	5.165264 	0.154869 	-0.846747 	-0.119088 	40.015336	 0.158577 	 0.104837
3	 -0.009261	 2.218676 	0.013956 	5.186812 	-0.031123 	-0.735713 	-0.189846 	74.725625	 0.034108 	 0.005231
4	 0.000905	 2.061892 	-0.016210 	4.428425 	-0.015800 	-0.822972 	0.000000 	54.632743	 0.022636 	 0.137275
5	 0.011950	 0.504198 	-0.005171 	4.639959 	0.002501 	0.000000 	-0.905350 	86.018330	 0.005744 	 0.321806

Algorithm restart at iteration no. 5
1	 0.171513	 0.792151 	-0.043563 	4.416965 	0.033736 	0.000000 	-0.381709 	2.809546	 0.055099 	 0.078033

Algorithm restart at iteration no. 1
1	 0.051492	 1.166184 	-1.558252 	4.878826 	-1.924152 	0.000000 	-0.606151 	1.273371	 2.475987 	 0.132441
2	 0.056913	 2.697593 	0.358246 	3.094942 	-0.288322 	-5.182067 	0.000000 	79.614904	 0.459858 	 0.468686
3	 0.005958	 1.965893 	0.131015 	3.149125 	0.017753 	-1.715610 	0.000000 	45.101723	 0.132212 	 0.178709
4	 1.414191	 5.112577 	0.009511 	1.374384 	-0.005914 	-25.764061 	-2.781284 	25.177963	 0.011200 	 0.973141

Algorithm restart at iteration no. 4
1	 -0.009142	 1.352576 	0.946880 	3.464125 	-0.526259 	0.000000 	0.000000 	0.003369	 1.083296 	 0.812548
2	 -0.007409	 2.204952 	0.152664 	4.294914 	0.262979 	-1.566898 	0.000000 	73.300239	 0.304079 	 0.320068
3	 0.000976	 2.065846 	-0.020039 	4.453668 	0.018919 	-0.814053 	0.000000 	86.925652	 0.027559 	 0.043721
4	 0.013086	 2.128920 	0.000009 	3.692688 	0.003933 	-1.839614 	0.000000 	36.473039	 0.003933 	 0.155534

Algorithm restart at iteration no. 4
1	 -0.030962	 1.733475 	0.135061 	3.673615 	0.006514 	-0.331322 	0.000000 	1.499291	 0.135218 	 0.092883
2	 0.000000	 1.498992 	0.005568 	3.969925 	-0.095241 	0.000000 	0.000000 	54.383449	 0.095404 	 0.093023
3	 0.017348	 0.450831 	-0.000004 	3.968267 	-0.000000 	0.000000 	-0.550176 	128.213796	 0.000004 	 0.247004
The optimum value of x = ( 0.450831 	3.968267 	
0.000000 	-0.550176 	)
#Total number of function evaluations: 324

R value for present sequence is 200.000000, x0 is : 0.450831 	3.968267 	
#It	 F(x)	 x1 	F'(x1) 	x2 	F'(x2) 	g1 	g2 	Angle	||grad_f(x)||	||x(k)-x(k-1)||/||(x(k-1)||
1	 2.806194	 4.060000 	-1.016595 	5.519932 	-0.437058 	-11.963668 	0.000000 	0.000000	 1.106565 	 0.983672
2	 61.996595	 0.100000 	3.809763 	2.827039 	-0.468596 	0.000000 	-2.275837 	10.948220	 3.838473 	 0.698876

Algorithm restart at iteration no. 2
1	 0.030972	 1.741881 	-270.166046 	4.215067 	-228.395318 	0.000000 	0.000000 	0.024356	 353.771273 	 0.760029
2	 0.107890	 1.214367 	-0.031296 	4.822672 	0.036058 	0.000000 	-0.462422 	89.210874	 0.047746 	 0.176426
3	 0.016248	 1.963867 	-0.012707 	5.138323 	-0.034405 	0.000000 	-0.331913 	71.845432	 0.036677 	 0.163527
4	 0.100009	 0.961945 	-0.110045 	4.891981 	0.221561 	0.000000 	-0.833684 	9.021421	 0.247385 	 0.187565

Algorithm restart at iteration no. 4
1	 -0.060707	 1.151869 	-0.118981 	4.178395 	0.447039 	0.000000 	0.000000 	4.794022	 0.462601 	 0.148110
2	 0.686408	 2.784534 	-0.636829 	2.805759 	-0.167946 	-5.947870 	0.000000 	35.027033	 0.658602 	 0.492128
3	 -0.000343	 1.837646 	1.338803 	3.963653 	-0.215051 	-0.413291 	0.000000 	10.665657	 1.355965 	 0.378391
4	 -0.032180	 1.711747 	0.109416 	3.782205 	0.089006 	-0.147874 	0.000000 	74.000421	 0.141046 	 0.050550
5	 -0.033355	 1.726179 	-0.064949 	3.751982 	0.044235 	-0.227713 	0.000000 	60.256146	 0.078582 	 0.008067
6	 -0.000002	 1.488575 	0.001989 	3.482622 	0.002086 	0.000000 	0.000000 	66.914161	 0.002883 	 0.086968
7	 0.007562	 1.865185 	0.000537 	3.606692 	0.000120 	-0.872224 	0.000000 	30.338169	 0.000550 	 0.104694
The optimum value of x = ( 1.865185 	3.606692 	
-0.872224 	0.000000 	)
#Total number of function evaluations: 125

